"calcium_concentration.Cai","environment.time","icab.i_Cab","ical.i_CaL","icat.i_CaT","iha.i_ha","ik1.i_K1","ikr.i_Kr","ikur.i_Kur","ina.i_Na","inab.i_Nab","inak.i_NaK","incx.i_NaCa","ipca.i_pCa","ito.i_to","membrane.V"
 2.56118942075975076e-01, 0.00000000000000000e+00,-9.93538778524928612e-02,-3.12933071423976234e-08,-3.16792187256812519e-01,-1.66219739793333443e+00, 8.57686614033134287e-01, 2.35552104496100168e-03, 1.52565531336266019e-02,-8.91328017772581638e-01,-2.10459362572394740e-02, 7.59596193292175315e-01,-4.68919875318055054e-02, 1.33497235027647765e+00, 2.06224725401373118e-03,-7.96551192134514139e+01
 2.56063561497808345e-01, 5.00000000029103830e-02,-9.93536169788958312e-02,-3.12801572495249014e-08,-3.17003409684821269e-01,-1.66202560766537211e+00, 8.58944246815878554e-01, 2.35151539344466464e-03, 1.52715961915595045e-02,-8.92157673800460627e-01,-2.10454361080898329e-02, 7.59636860900665178e-01,-4.68713667443225040e-02, 1.33451503322569454e+00, 2.06613866043515917e-03,-7.96518354235737291e+01
 2.56008253936826358e-01, 1.00000000005820766e-01,-9.93533547414721108e-02,-3.12670228185759407e-08,-3.17214571394436429e-01,-1.66185382746710508e+00, 8.60201280042010019e-01, 2.34751067061515903e-03, 1.52866088104387163e-02,-8.92987437207714230e-01,-2.10449360208686542e-02, 7.59677522722445264e-01,-4.68507681986828420e-02, 1.33405833580047650e+00, 2.07003096805451030e-03,-7.96485520402949021e+01
 2.55953019188240871e-01, 1.50000000008731149e-01,-9.93530911420289486e-02,-3.12539038362460905e-08,-3.17425672608174003e-01,-1.66168205706182959e+00, 8.61457715675600699e-01, 2.34350691544564938e-03, 1.53015910522965159e-02,-8.93817308589796689e-01,-2.10444359948692115e-02, 7.59718178814968947e-01,-4.68301918276017234e-02, 1.33360225627490392e+00, 2.07392418060542687e-03,-7.96452690589747760e+01
 2.55897857047263699e-01, 2.00000000011641532e-01,-9.93528261823787284e-02,-3.12408002892342468e-08,-3.17636713548918759e-01,-1.66151029617281787e+00, 8.62713555678230049e-01, 2.33950416614873416e-03, 1.53165429790688336e-02,-8.94647288541926766e-01,-2.10439360293847612e-02, 7.59758829235685496e-01,-4.68096375638095211e-02, 1.33314679292315597e+00, 2.07781830183686794e-03,-7.96419864749731516e+01
 2.55842767309122754e-01, 2.50000000000000000e-01,-9.93525598643391072e-02,-3.12277121642466576e-08,-3.17847694439862882e-01,-1.66133854452337038e+00, 8.63968802008600378e-01, 2.33550246017837429e-03, 1.53314646525906043e-02,-8.95477377658845497e-01,-2.10434361237087052e-02, 7.59799474042028522e-01,-4.67891053400577156e-02, 1.33269194401964519e+00, 2.08171333551191275e-03,-7.96387042836507959e+01
 2.55787749768997708e-01, 3.00000000002910383e-01,-9.93522921897326688e-02,-3.12146394479816962e-08,-3.18058615504751119e-01,-1.66116680183661680e+00, 8.65223456624005571e-01, 2.33150183422607812e-03, 1.53463561346133519e-02,-8.96307576535782968e-01,-2.10429362771340119e-02, 7.59840113291462949e-01,-4.67685950890951579e-02, 1.33223770783848416e+00, 2.08560928541230792e-03,-7.96354224803656052e+01
 2.55732804222116472e-01, 3.50000000005820766e-01,-9.93520231603874648e-02,-3.12015821271526978e-08,-3.18269476967511233e-01,-1.66099506783581341e+00, 8.66477521478135171e-01, 2.32750232422868943e-03, 1.53612174867791620e-02,-8.97137885767008481e-01,-2.10424364889540798e-02, 7.59880747041414617e-01,-4.67481067437036379e-02, 1.33178408265428527e+00, 2.08950615533164694e-03,-7.96321410604783466e+01
 2.55677930463690861e-01, 4.00000000008731149e-01,-9.93517527781365151e-02,-3.11885401884727067e-08,-3.18480279052499204e-01,-1.66082334224414896e+00, 8.67730998522538988e-01, 2.32350396536454848e-03, 1.53760487706381625e-02,-8.97968305946796996e-01,-2.10419367584621861e-02, 7.59921375349316031e-01,-4.67276402366742435e-02, 1.33133106674163049e+00, 2.09340394907990123e-03,-7.96288600193488350e+01
 2.55623128288932633e-01, 4.50000000011641532e-01,-9.93514810448181407e-02,-3.11755136186583271e-08,-3.18691021984437772e-01,-1.66065162478478734e+00, 8.68983889706263057e-01, 2.31950679205546097e-03, 1.53908500476443357e-02,-8.98798837669187889e-01,-2.10414370849515767e-02, 7.59961998272596695e-01,-4.67071955008130230e-02, 1.33087865837520369e+00, 2.09730267048228612e-03,-7.96255793523368851e+01
 2.55568397493069643e-01, 5.00000000000000000e-01,-9.93512079622757976e-02,-3.11625024044334360e-08,-3.18901705988353767e-01,-1.66047991518092264e+00, 8.70236196975482046e-01, 2.31551083796865910e-03, 1.54056213791511840e-02,-8.99629481527742580e-01,-2.10409374677156639e-02, 7.60002615868669795e-01,-4.66867724689472852e-02, 1.33042685582992615e+00, 2.10120232337810547e-03,-7.96222990548032783e+01
 2.55513737871281787e-01, 5.50000000002910383e-01,-9.93509335323578685e-02,-3.11495065325140686e-08,-3.19112331289823248e-01,-1.66030821315557575e+00, 8.71487922274980842e-01, 2.31151613601300729e-03, 1.54203628264295237e-02,-9.00460238116510991e-01,-2.10404379060474163e-02, 7.60043228194979936e-01,-4.66663710739013693e-02, 1.32997565738042800e+00, 2.10510291162534875e-03,-7.96190191221058825e+01
 2.55459149218796810e-01, 6.00000000005820766e-01,-9.93506577569180788e-02,-3.11365259896311427e-08,-3.19322898114603293e-01,-1.66013651843189858e+00, 8.72739067545921121e-01, 2.30752271834663890e-03, 1.54350744506408129e-02,-9.01291108028582477e-01,-2.10399383992402392e-02, 7.60083835308932310e-01,-4.66459912485326991e-02, 1.32952506130184012e+00, 2.10900443909374687e-03,-7.96157395496055074e+01
 2.55404631330826526e-01, 6.50000000008731149e-01,-9.93503806378152332e-02,-3.11235607625152652e-08,-3.19533406688875865e-01,-1.65996483073296730e+00, 8.73989634727361131e-01, 2.30353061637326778e-03, 1.54497563128556739e-02,-9.02122091857051500e-01,-2.10394389465873820e-02, 7.60124437267939324e-01,-4.66256329257076704e-02, 1.32907506586926916e+00, 2.11290690966946986e-03,-7.96124603326619251e+01
 2.55350184002582858e-01, 7.00000000011641532e-01,-9.93501021769132853e-02,-3.11106108379005635e-08,-3.19743857239186802e-01,-1.65979314978184278e+00, 8.75239625755833139e-01, 2.29953986074396587e-03, 1.54644084740485303e-02,-9.02953190194776489e-01,-2.10389395473821218e-02, 7.60165034129410389e-01,-4.66052960383078196e-02, 1.32862566935793036e+00, 2.11681032725382712e-03,-7.96091814666349791e+01
 2.55295807029293331e-01, 7.50000000000000000e-01,-9.93498223760812676e-02,-3.10976762025283711e-08,-3.19954249992383699e-01,-1.65962147530160919e+00, 8.76489042565030463e-01, 2.29555048135924884e-03, 1.54790309950944196e-02,-9.03784403634137479e-01,-2.10384402009178503e-02, 7.60205625950738151e-01,-4.65849805192355554e-02, 1.32817687004327700e+00, 2.12071469576226345e-03,-7.96059029468854078e+01
 2.55241500206138117e-01, 8.00000000002910383e-01,-9.93495412371932091e-02,-3.10847568431322663e-08,-3.20164585175860106e-01,-1.65944980701518174e+00, 8.77737887087217450e-01, 2.29156250736506709e-03, 1.54936239367852273e-02,-9.04615732768003888e-01,-2.10379409064875462e-02, 7.60246212789346898e-01,-4.65646863013905940e-02, 1.32772866620047991e+00, 2.12462001912876652e-03,-7.96026247687711503e+01
 2.55187263328344904e-01, 8.50000000005820766e-01,-9.93492587621283701e-02,-3.10718527464605575e-08,-3.20374863017187705e-01,-1.65927814464560375e+00, 8.78986161251094966e-01, 2.28757596716068923e-03, 1.55081873598051628e-02,-9.05447178188283464e-01,-2.10374416633846081e-02, 7.60286794702620727e-01,-4.65444133177052854e-02, 1.32728105610521485e+00, 2.12852630129918173e-03,-7.95993469276529453e+01
 2.55133096191125563e-01, 9.00000000008731149e-01,-9.93489749527710769e-02,-3.10589638992612686e-08,-3.20585083744360788e-01,-1.65910648791584636e+00, 8.80233866983221480e-01, 2.28359088839471223e-03, 1.55227213247472150e-02,-9.06278740486888390e-01,-2.10369424709022958e-02, 7.60327371747953396e-01,-4.65241615011212015e-02, 1.32683403803313715e+00, 2.13243354623564871e-03,-7.95960694188906075e+01
 2.55078998589691852e-01, 9.50000000011641532e-01,-9.93486898110107070e-02,-3.10460902882858780e-08,-3.20795247585734411e-01,-1.65893483654886076e+00, 8.81481006207661899e-01, 2.27960729796702292e-03, 1.55372258921092077e-02,-9.07110420255495264e-01,-2.10364433283338724e-02, 7.60367943982732220e-01,-4.65039307845947075e-02, 1.32638761026001450e+00, 2.13634175791549462e-03,-7.95927922378439519e+01
 2.55024970319271294e-01, 1.00000000000000000e+00,-9.93484033387417864e-02,-3.10332319002930702e-08,-3.21005354769962781e-01,-1.65876319026762675e+00, 8.82727580845620308e-01, 2.27562522203069708e-03, 1.55517011222895980e-02,-9.07942218085301622e-01,-2.10359442349727505e-02, 7.60408511464330195e-01,-4.64837211011031037e-02, 1.32594177106185795e+00, 2.14025094033007835e-03,-7.95895153798737596e+01
 2.54971011175044282e-01, 1.05000000000291038e+00,-9.93481155378637126e-02,-3.10203887220337479e-08,-3.21215405526242892e-01,-1.65859154879495074e+00, 8.83973592816911680e-01, 2.27164468598816836e-03, 1.55661470756048113e-02,-9.08774134567994607e-01,-2.10354451901118844e-02, 7.60449074250150625e-01,-4.64635323836208869e-02, 1.32549651871440410e+00, 2.14416109748938582e-03,-7.95862388403379128e+01
 2.54917120952238396e-01, 1.10000000000582077e+00,-9.93478264102811565e-02,-3.10075607402734977e-08,-3.21425400083947654e-01,-1.65841991185377124e+00, 8.85219044037752201e-01, 2.26766571449883540e-03, 1.55805638122633785e-02,-9.09606170294298577e-01,-2.10349461930446902e-02, 7.60489632397557846e-01,-4.64433645651552429e-02, 1.32505185149389426e+00, 2.14807223341510799e-03,-7.95829626145972071e+01
 2.54863299446065394e-01, 1.15000000000873115e+00,-9.93475359579036876e-02,-3.09947479417775688e-08,-3.21635338672869586e-01,-1.65824827916695039e+00, 8.86463936422256404e-01, 2.26368833147529537e-03, 1.55949513923838070e-02,-9.10438325854942887e-01,-2.10344472430644240e-02, 7.60530185963924521e-01,-4.64232175787221354e-02, 1.32460776767655508e+00, 2.15198435214531292e-03,-7.95796866980114146e+01
 2.54809546451737146e-01, 1.20000000001164153e+00,-9.93472441826460523e-02,-3.09819503133146712e-08,-3.21845221523159364e-01,-1.65807665045733521e+00, 8.87708271882017730e-01, 2.25971256008507607e-03, 1.56093098759893210e-02,-9.11270601840420524e-01,-2.10339483394643423e-02, 7.60570735006617649e-01,-4.64030913573526688e-02, 1.32416426553873245e+00, 2.15589745773314039e-03,-7.95764110859403928e+01
 2.54755861764481117e-01, 1.25000000000000000e+00,-9.93469510864279787e-02,-3.09691678416606420e-08,-3.22055048865263704e-01,-1.65790502544779605e+00, 8.88952052325811981e-01, 2.25573842275271063e-03, 1.56236393230050567e-02,-9.12102998840745083e-01,-2.10334494815378574e-02, 7.60611279582989908e-01,-4.63829858340984724e-02, 1.32372134335701785e+00, 2.15981155424583605e-03,-7.95731357737448661e+01
 2.54702245179477815e-01, 1.30000000000291038e+00,-9.93466566711740801e-02,-3.09564005135835891e-08,-3.22264820930169948e-01,-1.65773340386103474e+00, 8.90195279660990657e-01, 2.25176594115567832e-03, 1.56379397932737557e-02,-9.12935517446419875e-01,-2.10329506685779342e-02, 7.60651819750424063e-01,-4.63629009420085600e-02, 1.32327899940773430e+00, 2.16372664576915336e-03,-7.95698607567827594e+01
 2.54648696491954707e-01, 1.35000000000582077e+00,-9.93463609388141877e-02,-3.09436483158661855e-08,-3.22474537949038409e-01,-1.65756178541988231e+00, 8.91437955791333891e-01, 2.24779513623214180e-03, 1.56522113465313202e-02,-9.13768158246984541e-01,-2.10324518998779783e-02, 7.60692355566263800e-01,-4.63428366141642872e-02, 1.32283723196771241e+00, 2.16764273640057941e-03,-7.95665860304148538e+01
 2.54595215497123606e-01, 1.40000000000873115e+00,-9.93460638912830596e-02,-3.09309112352907929e-08,-3.22684200153446177e-01,-1.65739016984709586e+00, 8.92680082618513726e-01, 2.24382602817707524e-03, 1.56664540424238802e-02,-9.14600921831984048e-01,-2.10319531747312494e-02, 7.60732887087860798e-01,-4.63227927836560305e-02, 1.32239603931377459e+00, 2.17155983025392289e-03,-7.95633115900009358e+01
 2.54541801990196381e-01, 1.45000000001164153e+00,-9.93457655305204773e-02,-3.09181892586431549e-08,-3.22893807775325947e-01,-1.65721855686541364e+00, 8.93921662041706755e-01, 2.23985863644406234e-03, 1.56806679405032054e-02,-9.15433808790726333e-01,-2.10314544924310107e-02, 7.60773414372562629e-01,-4.63027693835888834e-02, 1.32195541972286490e+00, 2.17547793145810150e-03,-7.95600374309008203e+01
 2.54488455766400334e-01, 1.50000000000000000e+00,-9.93454658584713018e-02,-3.09054823727161483e-08,-3.23103361046904070e-01,-1.65704694619760184e+00, 8.95162695957239296e-01, 2.23589297974717592e-03, 1.56948531002227831e-02,-9.16266819712039382e-01,-2.10309558522706573e-02, 7.60813937477700208e-01,-4.62827663470885484e-02, 1.32151537147217724e+00, 2.17939704415601133e-03,-7.95567635484752884e+01
 2.54435176620916248e-01, 1.55000000000291038e+00,-9.93451648770851264e-02,-3.08927905642948946e-08,-3.23312860200944130e-01,-1.65687533756625682e+00, 8.96403186260048335e-01, 2.23192907605710995e-03, 1.57090095809547248e-02,-9.17099955185241233e-01,-2.10304572535431784e-02, 7.60854456460636319e-01,-4.62627836072781670e-02, 1.32107589283864502e+00, 2.18331717250912433e-03,-7.95534899380822367e+01
 2.54381964348971423e-01, 1.60000000000582077e+00,-9.93448625883167624e-02,-3.08801138201790205e-08,-3.23522305470380633e-01,-1.65670373069410037e+00, 8.97643134841499490e-01, 2.22796694260876151e-03, 1.57231374419648275e-02,-9.17933215798685587e-01,-2.10299586955419587e-02, 7.60894971378694218e-01,-4.62428210973129319e-02, 1.32063698209970948e+00, 2.18723832069060275e-03,-7.95502165950824320e+01
 2.54328818745777785e-01, 1.65000000000873115e+00,-9.93445589941259616e-02,-3.08674521271678220e-08,-3.23731697088562087e-01,-1.65653212530378546e+00, 8.98882543590844296e-01, 2.22400659589733814e-03, 1.57372367424293488e-02,-9.18766602140731248e-01,-2.10294601775602684e-02, 7.60935482289204601e-01,-4.62228787503570632e-02, 1.32019863753281030e+00, 2.19116049288988141e-03,-7.95469435148356752e+01
 2.54275739606547035e-01, 1.70000000001164153e+00,-9.93442540964774023e-02,-3.08548054720639765e-08,-3.23941035289189994e-01,-1.65636052111794552e+00, 9.00121414394836616e-01, 2.22004805168014591e-03, 1.57513075414306009e-02,-9.19600114799499324e-01,-2.10289616988913672e-02, 7.60975989249493723e-01,-4.62029564995894634e-02, 1.31976085741551086e+00, 2.19508369331146511e-03,-7.95436706927018093e+01
 2.54222726726506532e-01, 1.75000000000000000e+00,-9.93439478973408285e-02,-3.08421738416771692e-08,-3.24150320306256734e-01,-1.65618891785923927e+00, 9.01359749137412125e-01, 2.21609132497852706e-03, 1.57653498979536816e-02,-9.20433754362630974e-01,-2.10284632588286571e-02, 7.61016492316873072e-01,-4.61830542782095885e-02, 1.31932364002563096e+00, 2.19900792617388824e-03,-7.95403981240415732e+01
 2.54169780194631156e-01, 1.80000000000291038e+00,-9.93436403910322174e-02,-3.08295572415267993e-08,-3.24359552326418943e-01,-1.65601731524028439e+00, 9.02597549726207316e-01, 2.21213661260971335e-03, 1.57793638693234130e-02,-9.21267522998692523e-01,-2.10279648566549932e-02, 7.61056991549505901e-01,-4.61631721004785722e-02, 1.31888698606362942e+00, 2.20293319441787570e-03,-7.95371258041464841e+01
 2.54116912127708650e-01, 1.85000000000582077e+00,-9.93433312582666928e-02,-3.08169564433857124e-08,-3.24568729576226678e-01,-1.65584571256945989e+00, 9.03834819094850195e-01, 2.20819159613928071e-03, 1.57933494479850084e-02,-9.22101487576965528e-01,-2.10274664912388880e-02, 7.61097487039220089e-01,-4.61433132992442041e-02, 1.31845099541846200e+00, 2.20685944782871837e-03,-7.95338537255875906e+01
 2.54064110672693133e-01, 1.90000000000873115e+00,-9.93430208045921193e-02,-3.08043706919572234e-08,-3.24777854187529302e-01,-1.65567410996096886e+00, 9.05071558122380826e-01, 2.20424906499791995e-03, 1.58073067550525866e-02,-9.22935586019743015e-01,-2.10269681622752662e-02, 7.61137978810686899e-01,-4.61234745935422477e-02, 1.31801557030148264e+00, 2.21078674194819490e-03,-7.95305818863618725e+01
 2.54011375648662385e-01, 1.95000000001164153e+00,-9.93427090313599159e-02,-3.07917999755757896e-08,-3.24986926391702791e-01,-1.65550250713654168e+00, 9.06307768685125414e-01, 2.20030904890669175e-03, 1.58212358489782760e-02,-9.23769819041825646e-01,-2.10264698690565618e-02, 7.61178466921278662e-01,-4.61036559231713730e-02, 1.31758070918680192e+00, 2.21471508092781081e-03,-7.95273102818237447e+01
 2.53958706874709450e-01, 2.00000000000000000e+00,-9.93423959399260953e-02,-3.07792442825826375e-08,-3.25195946420404336e-01,-1.65533090381793624e+00, 9.07543452656576100e-01, 2.19637157694412390e-03, 1.58351367881161033e-02,-9.24604187357516927e-01,-2.10259716108753512e-02, 7.61218951428352608e-01,-4.60838572279494360e-02, 1.31714641054875492e+00, 2.21864446893227634e-03,-7.95240389073285598e+01
 2.53906104169881519e-01, 2.05000000000291038e+00,-9.93420815316507638e-02,-3.07667036013112318e-08,-3.25404914505815268e-01,-1.65515929972674147e+00, 9.08778611908821365e-01, 2.19243667754225264e-03, 1.58490096307380354e-02,-9.25438691681593317e-01,-2.10254733870237943e-02, 7.61259432389296165e-01,-4.60640784476904624e-02, 1.31671267286140070e+00, 2.22257491014404797e-03,-7.95207677582288284e+01
 2.53853567353271692e-01, 2.10000000000582077e+00,-9.93417658078987464e-02,-3.07541779201091188e-08,-3.25613830880276123e-01,-1.65498769458467532e+00, 9.10013248310392875e-01, 2.18850437849416523e-03, 1.58628544350099300e-02,-9.26273332727849175e-01,-2.10249751967944605e-02, 7.61299909861457569e-01,-4.60443195222390925e-02, 1.31627949459927973e+00, 2.22650640875647621e-03,-7.95174968298799172e+01
 2.53801096243957802e-01, 2.15000000000873115e+00,-9.93414487700391702e-02,-3.07416672273233420e-08,-3.25822695776528559e-01,-1.65481608811338288e+00, 9.11247363727705872e-01, 2.18457470695005568e-03, 1.58766712590078136e-02,-9.27108111210066088e-01,-2.10244770394797907e-02, 7.61340383902193274e-01,-4.60245803914476198e-02, 1.31584687423690960e+00, 2.23043896897837275e-03,-7.95142261176362410e+01
 2.53748690661017517e-01, 2.20000000001164153e+00,-9.93411304194456585e-02,-3.07291715113040684e-08,-3.26031509427654576e-01,-1.65464448003449083e+00, 9.12480960024704801e-01, 2.18064768941903528e-03, 1.58904601607140449e-02,-9.27943027841771517e-01,-2.10239789143722294e-02, 7.61380854568854626e-01,-4.60048609951815221e-02, 1.31541481024890983e+00, 2.23437259503288200e-03,-7.95109556168522005e+01
 2.53696350423543993e-01, 2.25000000000000000e+00,-9.93408107574962063e-02,-3.07166907604082279e-08,-3.26240272067014947e-01,-1.65447287006965249e+00, 9.13714039062500261e-01, 2.17672335177089430e-03, 1.59042211980132929e-02,-9.28778083335994653e-01,-2.10234808207643460e-02, 7.61421321918778093e-01,-4.59851612733255255e-02, 1.31498330111013373e+00, 2.23830729115631274e-03,-7.95076853228831482e+01
 2.53644075350584475e-01, 2.30000000000291038e+00,-9.93404897855730135e-02,-3.07042249629849816e-08,-3.26448983928492031e-01,-1.65430125794035243e+00, 9.14946602700800193e-01, 2.17280171923215325e-03, 1.59179544287085910e-02,-9.29613278406239196e-01,-2.10229827579482970e-02, 7.61461786009329900e-01,-4.59654811657603107e-02, 1.31455234529515885e+00, 2.24224306160270351e-03,-7.95044152310815946e+01
 2.53591865261232008e-01, 2.35000000000582077e+00,-9.93401675050629429e-02,-3.06917741073974996e-08,-3.26657645246123896e-01,-1.65412964336820467e+00, 9.16178652795756832e-01, 2.16888281639354870e-03, 1.59316599104973450e-02,-9.30448613765024524e-01,-2.10224847252166620e-02, 7.61502246897838075e-01,-4.59458206123971868e-02, 1.31412194127904902e+00, 2.24617991063694395e-03,-7.95011453368029208e+01
 2.53539719974564370e-01, 2.40000000000873115e+00,-9.93398439173571041e-02,-3.06793381820084361e-08,-3.26866256254347787e-01,-1.65395802607475084e+00, 9.17410191201423753e-01, 2.16496666720614531e-03, 1.59453377009879209e-02,-9.31284090124857578e-01,-2.10219867218618787e-02, 7.61542704641637314e-01,-4.59261795531548736e-02, 1.31369208753684874e+00, 2.25011784253941177e-03,-7.94978756354015133e+01
 2.53487639309659396e-01, 2.45000000001164153e+00,-9.93395190238510611e-02,-3.06669171751835420e-08,-3.27074817187938016e-01,-1.65378640578151215e+00, 9.18641219769372186e-01, 2.16105329498303194e-03, 1.59589878576952039e-02,-9.32119708197990948e-01,-2.10214887471763812e-02, 7.61583159298058865e-01,-4.59065579279655522e-02, 1.31326278254370910e+00, 2.25405686160475060e-03,-7.94946061222317866e+01
 2.53435623085609907e-01, 2.50000000000000000e+00,-9.93391928259447637e-02,-3.06545110752952718e-08,-3.27283328281945340e-01,-1.65361478221003888e+00, 9.19871740348348732e-01, 2.15714272240111410e-03, 1.59726104380370527e-02,-9.32955468696177959e-01,-2.10209908004527490e-02, 7.61623610924417438e-01,-4.58869556767800904e-02, 1.31283402477501476e+00, 2.25799697214075978e-03,-7.94913367926490935e+01
 2.53383671121463538e-01, 2.55000000000291038e+00,-9.93388653250423248e-02,-3.06421198707083508e-08,-3.27491789771938713e-01,-1.65344315508171302e+00, 9.21101754785694338e-01, 2.15323497149714441e-03, 1.59862054993499397e-02,-9.33791372331647107e-01,-2.10204928809831389e-02, 7.61664059578059160e-01,-4.58673727395458378e-02, 1.31240581270588574e+00, 2.26193817847293978e-03,-7.94880676420059586e+01
 2.53331783236313113e-01, 2.60000000000582077e+00,-9.93385365225524508e-02,-3.06297435498014076e-08,-3.27700201893640686e-01,-1.65327152411804268e+00, 9.22331264925213778e-01, 2.14933006367520668e-03, 1.59997730988656606e-02,-9.34627419815641236e-01,-2.10199949880601270e-02, 7.61704505316290525e-01,-4.58478090562401755e-02, 1.31197814481192565e+00, 2.26588048493765954e-03,-7.94847986656577348e+01
 2.53279959249236464e-01, 2.65000000000873115e+00,-9.93382064198881087e-02,-3.06173821009525744e-08,-3.27908564883170217e-01,-1.65309988904046667e+00, 9.23560272608596633e-01, 2.14542801970273294e-03, 1.60133132937270335e-02,-9.35463611859390753e-01,-2.10194971209761508e-02, 7.61744948196425020e-01,-4.58282645668481384e-02, 1.31155101956872411e+00, 2.26982389588670274e-03,-7.94815298589588366e+01
 2.53228198979311425e-01, 2.70000000001164153e+00,-9.93378750184666093e-02,-3.06050355125430143e-08,-3.28116878976980164e-01,-1.65292824957040341e+00, 9.24788779675068562e-01, 2.14152885971227247e-03, 1.60268261409841767e-02,-9.36299949173871604e-01,-2.10189992790236445e-02, 7.61785388275773578e-01,-4.58087392113679798e-02, 1.31112443545198265e+00, 2.27376841568613635e-03,-7.94782612172636647e+01
 2.53176502245630763e-01, 2.75000000000000000e+00,-9.93375423197097873e-02,-3.05927037729605606e-08,-3.28325144411797942e-01,-1.65275660542929903e+00, 9.26016787961024601e-01, 2.13763260320319094e-03, 1.60403116975905320e-02,-9.37136432469559466e-01,-2.10185014614951947e-02, 7.61825825611629148e-01,-4.57892329298167367e-02, 1.31069839093763796e+00, 2.27771404871513925e-03,-7.94749927359275858e+01
 2.53124868867242170e-01, 2.80000000000291038e+00,-9.93372083250433913e-02,-3.05803868705853639e-08,-3.28533361424865333e-01,-1.65258495633843050e+00, 9.27244299301470010e-01, 2.13373926903776510e-03, 1.60537700204188630e-02,-9.37973062457405748e-01,-2.10180036676829440e-02, 7.61866260261317430e-01,-4.57697456622076504e-02, 1.31027288450136759e+00, 2.28166079937061747e-03,-7.94717244103030964e+01
 2.53073298663238522e-01, 2.85000000000582077e+00,-9.93368730358978880e-02,-3.05680847938113722e-08,-3.28741530253576164e-01,-1.65241330201920444e+00, 9.28471315527864438e-01, 2.12984887544853934e-03, 1.60672011662375443e-02,-9.38809839847373984e-01,-2.10175058968794792e-02, 7.61906692282123599e-01,-4.57502773485841605e-02, 1.30984791461933470e+00, 2.28560867206028043e-03,-7.94684562357455633e+01
 2.53021791452697598e-01, 2.90000000000873115e+00,-9.93365364537079354e-02,-3.05557975310320040e-08,-3.28949651135717280e-01,-1.65224164219295599e+00, 9.29697838469560223e-01, 2.12596144003439607e-03, 1.60806051917265491e-02,-9.39646765349417934e-01,-2.10170081483772378e-02, 7.61947121731340493e-01,-4.57308279289971795e-02, 1.30942347976769335e+00, 2.28955767120724496e-03,-7.94651882076094012e+01
 2.52970347054697176e-01, 2.95000000001164153e+00,-9.93361985799125213e-02,-3.05435250706437219e-08,-3.29157724309407429e-01,-1.65206997658099963e+00, 9.30923869953443117e-01, 2.12207697976226966e-03, 1.60939821534735530e-02,-9.40483839673232791e-01,-2.10165104214686503e-02, 7.61987548666256953e-01,-4.57113973435106929e-02, 1.30899957842271109e+00, 2.29350780124888383e-03,-7.94619203212490248e+01
 2.52918965288330022e-01, 3.00000000000000000e+00,-9.93358594159550190e-02,-3.05312674010495861e-08,-3.29365750013036307e-01,-1.65189830490467826e+00, 9.32149411803587791e-01, 2.11819551096888116e-03, 1.61073321079703985e-02,-9.41321063528016144e-01,-2.10160127154463000e-02, 7.62027973144145832e-01,-4.56919855322075047e-02, 1.30857620906089500e+00, 2.29745906663570343e-03,-7.94586525720197727e+01
 2.52867645972643940e-01, 3.05000000000291038e+00,-9.93355189632828539e-02,-3.05190245106450135e-08,-3.29573728485506312e-01,-1.65172662688516692e+00, 9.33374465842659373e-01, 2.11431704935672758e-03, 1.61206551116282251e-02,-9.42158437623438982e-01,-2.10155150296023399e-02, 7.62068395222311068e-01,-4.56725924351666229e-02, 1.30815337015849908e+00, 2.30141147183586569e-03,-7.94553849552741696e+01
 2.52816388926731805e-01, 3.10000000000582077e+00,-9.93351772233479896e-02,-3.05067963878391127e-08,-3.29781659965868723e-01,-1.65155494224376720e+00, 9.34599033889799258e-01, 2.11044161000149572e-03, 1.61339512207547206e-02,-9.42995962668185861e-01,-2.10150173632293463e-02, 7.62108814958016745e-01,-4.56532179924970180e-02, 1.30773106019226337e+00, 2.30536502132835811e-03,-7.94521174663675680e+01
 2.52765193969671287e-01, 3.15000000000873115e+00,-9.93348341976066501e-02,-3.04945830210404693e-08,-3.29989544693565173e-01,-1.65138325070171232e+00, 9.35823117762036860e-01, 2.10656920734807011e-03, 1.61472204915694972e-02,-9.43833639370928457e-01,-2.10145197156197602e-02, 7.62149232408535160e-01,-4.56338621443151543e-02, 1.30730927763892191e+00, 2.30931971960754391e-03,-7.94488501006543828e+01
 2.52714060920540218e-01, 3.20000000001164153e+00,-9.93344898875192922e-02,-3.04823843986606801e-08,-3.30197382908366921e-01,-1.65121155198021352e+00, 9.37046719273939233e-01, 2.10269985521223651e-03, 1.61604629802004282e-02,-9.44671468440082651e-01,-2.10140220860660157e-02, 7.62189647631132838e-01,-4.56145248307505621e-02, 1.30688802097532841e+00, 2.31327557118202838e-03,-7.94455828534890287e+01
 2.52662989598431198e-01, 3.25000000000000000e+00,-9.93341442945508274e-02,-3.04702005091178997e-08,-3.30405174850313399e-01,-1.65103984580051111e+00, 9.38269840237265673e-01, 2.09883356678239232e-03, 1.61736787426800324e-02,-9.45509450583563393e-01,-2.10135244738606924e-02, 7.62230060683062649e-01,-4.55952059919513750e-02, 1.30646728867857709e+00, 2.31723258057352829e-03,-7.94423157202268442e+01
 2.52611979822392418e-01, 3.30000000000291038e+00,-9.93337974201700391e-02,-3.04580313408226128e-08,-3.30612920759954076e-01,-1.65086813188367709e+00, 9.39492482462366385e-01, 2.09497035461553814e-03, 1.61868678349605527e-02,-9.46347586509760363e-01,-2.10130268782959470e-02, 7.62270471621606438e-01,-4.55759055680620279e-02, 1.30604707922551433e+00, 2.32119075232140818e-03,-7.94390486962203539e+01
 2.52561031411516368e-01, 3.35000000000582077e+00,-9.93334492658503598e-02,-3.04458768821990093e-08,-3.30820620877984806e-01,-1.65069640995091094e+00, 9.40714647756067945e-01, 2.09111023064462382e-03, 1.62000303128912761e-02,-9.47185876926076142e-01,-2.10125292986643522e-02, 7.62310880504007748e-01,-4.55566234992568556e-02, 1.30562739109347414e+00, 2.32515009097581955e-03,-7.94357817768249248e+01
 2.52510144184880991e-01, 3.40000000000873115e+00,-9.93330998330693299e-02,-3.04337371216706434e-08,-3.31028275445489240e-01,-1.65052467972334149e+00, 9.41936337923102940e-01, 2.08725320617461239e-03, 1.62131662322341982e-02,-9.48024322539899766e-01,-2.10120317342583456e-02, 7.62351287387516896e-01,-4.55373597257174231e-02, 1.30520822275979054e+00, 2.32911060110232255e-03,-7.94325149573949432e+01
 2.52459317961563956e-01, 3.45000000001164153e+00,-9.93327491233088472e-02,-3.04216120476641269e-08,-3.31235884703878047e-01,-1.65035294092207852e+00, 9.43157554765728601e-01, 2.08339929188408081e-03, 1.62262756486597458e-02,-9.48862924058363477e-01,-2.10115341843703680e-02, 7.62391692329379977e-01,-4.55181141876384518e-02, 1.30478957270191653e+00, 2.33307228728065657e-03,-7.94292482332848380e+01
 2.52408552560657917e-01, 3.50000000000000000e+00,-9.93323971380550425e-02,-3.04095016486125168e-08,-3.31443448894827575e-01,-1.65018119326825996e+00, 9.44378300083396960e-01, 2.07954849782693990e-03, 1.62393586177435635e-02,-9.49701682188099028e-01,-2.10110366482929994e-02, 7.62432095386827324e-01,-4.54988868252332590e-02, 1.30437143939755162e+00, 2.33703515410365681e-03,-7.94259815998499619e+01
 2.52357847801211010e-01, 3.55000000000291038e+00,-9.93320438787980570e-02,-3.03974059129413130e-08,-3.31650968260521650e-01,-1.65000943648285503e+00, 9.45598575674164166e-01, 2.07570083342845362e-03, 1.62524151949815752e-02,-9.50540597636212570e-01,-2.10105391253183928e-02, 7.62472496617120910e-01,-4.54796775787112834e-02, 1.30395382132415150e+00, 2.34099920618182798e-03,-7.94227150524428254e+01
 2.52307203502315891e-01, 3.60000000000582077e+00,-9.93316893470325424e-02,-3.03853248290895216e-08,-3.31858443043287765e-01,-1.64983767028695971e+00, 9.46818383332565072e-01, 2.07185630749251492e-03, 1.62654454357673943e-02,-9.51379671108822156e-01,-2.10100416147391174e-02, 7.62512896077481628e-01,-4.54604863883117591e-02, 1.30353671695966189e+00, 2.34496444813643871e-03,-7.94194485864187811e+01
 2.52256619483050282e-01, 3.65000000000873115e+00,-9.93313335442573137e-02,-3.03732583854956259e-08,-3.32065873485839047e-01,-1.64966589440160272e+00, 9.48037724851022778e-01, 2.06801492819764805e-03, 1.62784493954073739e-02,-9.52218903312031517e-01,-2.10095441158476212e-02, 7.62553293825139145e-01,-4.54413131942812548e-02, 1.30312012478202899e+00, 2.34893088460409608e-03,-7.94161821971322581e+01
 2.52206095562492016e-01, 3.70000000001164153e+00,-9.93309764719754185e-02,-3.03612065706010210e-08,-3.32273259831212642e-01,-1.64949410854779011e+00, 9.49256602019519002e-01, 2.06417670309871990e-03, 1.62914271291174258e-02,-9.53058294951687812e-01,-2.10090466279363383e-02, 7.62593689917318129e-01,-4.54221579368793843e-02, 1.30270404326932709e+00, 2.35289852023566181e-03,-7.94129158799376427e+01
 2.52155631559733584e-01, 3.75000000000000000e+00,-9.93306181316941927e-02,-3.03491693728535937e-08,-3.32480602322709595e-01,-1.64932231244655747e+00, 9.50475016625212499e-01, 2.06034163912850558e-03, 1.63043786920188012e-02,-9.53897846733136823e-01,-2.10085491502978519e-02, 7.62634084411228041e-01,-4.54030205563841771e-02, 1.30228847089987387e+00, 2.35686735969501803e-03,-7.94096496301903017e+01
 2.52105233022689834e-01, 3.80000000000291038e+00,-9.93302583656430343e-02,-3.03371488695724706e-08,-3.32687901120911567e-01,-1.64915050457834789e+00, 9.51692977269549267e-01, 2.05651329618200237e-03, 1.63173042256813151e-02,-9.54737582897742132e-01,-2.10080516794399694e-02, 7.62674477590186140e-01,-4.53839025436658869e-02, 1.30187345332644089e+00, 2.36083740069814932e-03,-7.94063834249618594e+01
 2.52054899848622560e-01, 3.85000000000582077e+00,-9.93298971730740277e-02,-3.03251450775366599e-08,-3.32895156468092646e-01,-1.64897868464720432e+00, 9.52910485820501196e-01, 2.05269174358496155e-03, 1.63302037857728580e-02,-9.55577504468778316e-01,-2.10075542146172384e-02, 7.62714869514467542e-01,-4.53648038599700348e-02, 1.30145898966591411e+00, 2.36480864773084545e-03,-7.94031172593579697e+01
 2.52004626892989803e-01, 3.90000000000873115e+00,-9.93295346934735396e-02,-3.03131561752698557e-08,-3.33102368680426641e-01,-1.64880685344879296e+00, 9.54127538149658894e-01, 2.04887391406653480e-03, 1.63430773519794258e-02,-9.56417591758057739e-01,-2.10070567575345590e-02, 7.62755260045392958e-01,-4.53457231020430659e-02, 1.30104503752131628e+00, 2.36878111148699404e-03,-7.93998511445722812e+01
 2.51954413995428617e-01, 3.95000000001164153e+00,-9.93291709277806661e-02,-3.03011821586978890e-08,-3.33309538002171946e-01,-1.64863501069956220e+00, 9.55344136058081439e-01, 2.04505982709816177e-03, 1.63559249793072542e-02,-9.57257845554186471e-01,-2.10065593074743595e-02, 7.62795649240975315e-01,-4.53266602157414017e-02, 1.30063159553983820e+00, 2.37275479664658976e-03,-7.93965850758935687e+01
 2.51904260995590601e-01, 4.00000000000000000e+00,-9.93288058769383475e-02,-3.02892230237521496e-08,-3.33516664677844465e-01,-1.64846315611599481e+00, 9.56560281343967422e-01, 2.04124950160397426e-03, 1.63687467226662497e-02,-9.58098266645253660e-01,-2.10060618637192449e-02, 7.62836037159211333e-01,-4.53076151469387761e-02, 1.30021866236889450e+00, 2.37672970790207003e-03,-7.93933190486116018e+01
 2.51854167733083667e-01, 4.05000000000291038e+00,-9.93284395418930349e-02,-3.02772787663556362e-08,-3.33723748952457433e-01,-1.64829128941439995e+00, 9.57775975804095014e-01, 2.03744295595692038e-03, 1.63815426368854496e-02,-9.58938855819812308e-01,-2.10055644255513554e-02, 7.62876423858128594e-01,-4.52885878415040868e-02, 1.29980623665564199e+00, 2.38070584996300828e-03,-7.93900530580132795e+01
 2.51804134047559414e-01, 4.10000000000582077e+00,-9.93280719235952458e-02,-3.02653493824438680e-08,-3.33930791071159472e-01,-1.64811941031121867e+00, 9.58991221231691116e-01, 2.03364020798590343e-03, 1.63943127766905741e-02,-9.59779613865409220e-01,-2.10050669922532858e-02, 7.62916809395714712e-01,-4.52695782453348197e-02, 1.29939431704770159e+00, 2.38468322754914345e-03,-7.93867870993883571e+01
 2.51754159778654951e-01, 4.15000000000873115e+00,-9.93277030229991892e-02,-3.02534348679509212e-08,-3.34137791279475072e-01,-1.64794751852282029e+00, 9.60206019417848222e-01, 2.02984127497184749e-03, 1.64070571967190951e-02,-9.60620541569565445e-01,-2.10045695631074815e-02, 7.62957193829965741e-01,-4.52505863043346293e-02, 1.29898290219267865e+00, 2.38866184539501206e-03,-7.93835211680256378e+01
 2.51704244766007335e-01, 4.20000000001164153e+00,-9.93273328410627931e-02,-3.02415352188129503e-08,-3.34344749823243859e-01,-1.64777561376555526e+00, 9.61420372151166380e-01, 2.02604617364929079e-03, 1.64197759515164951e-02,-9.61461639719530248e-01,-2.10040721373963915e-02, 7.62997577218872292e-01,-4.52316119644190148e-02, 1.29857199073828355e+00, 2.39264170824877304e-03,-7.93802552592139392e+01
 2.51654388849268051e-01, 4.25000000000000000e+00,-9.93269613787478717e-02,-3.02296504309715755e-08,-3.34551666948559645e-01,-1.64760369575580068e+00, 9.62634281217420562e-01, 2.02225492020802677e-03, 1.64324690955330761e-02,-9.62302909102036419e-01,-2.10035747144026001e-02, 7.63037959620409545e-01,-4.52126551715206840e-02, 1.29816158133245008e+00, 2.39662282087110172e-03,-7.93769893682429881e+01
 2.51604591868045180e-01, 4.30000000000291038e+00,-9.93265886370196943e-02,-3.02177805003600990e-08,-3.34758542902011236e-01,-1.64743176420976734e+00, 9.63847748400939230e-01, 2.01846753028910118e-03, 1.64451366831381528e-02,-9.63144350504279378e-01,-2.10030772934082649e-02, 7.63078341092582657e-01,-4.51937158715677439e-02, 1.29775167262286151e+00, 2.40060518803972668e-03,-7.93737234903997120e+01
 2.51554853661990263e-01, 4.35000000000582077e+00,-9.93262146168475690e-02,-3.02059254229242373e-08,-3.34965377930319941e-01,-1.64725981884379258e+00, 9.65060775482518340e-01, 2.01468401899199514e-03, 1.64577787685986528e-02,-9.63985964712448684e-01,-2.10025798736959736e-02, 7.63118721693358260e-01,-4.51747940105164669e-02, 1.29734226325766477e+00, 2.40458881454256798e-03,-7.93704576209738519e+01
 2.51505174070740356e-01, 4.40000000000873115e+00,-9.93258393192044398e-02,-3.01940851946082643e-08,-3.35172172280580383e-01,-1.64708785937414381e+00, 9.66273364240817001e-01, 2.01090440087064439e-03, 1.64703954060936124e-02,-9.64827752512706471e-01,-2.10020824545481717e-02, 7.63159101480709867e-01,-4.51558895343293423e-02, 1.29693335188499526e+00, 2.40857370518231598e-03,-7.93671917552542112e+01
 2.51455552933932514e-01, 4.45000000001164153e+00,-9.93254627450670113e-02,-3.01822598113584656e-08,-3.35378926200199712e-01,-1.64691588551707069e+00, 9.67485516452002536e-01, 2.00712868993502746e-03, 1.64829866497105924e-02,-9.65669714690943426e-01,-2.10015850352473048e-02, 7.63199480512605888e-01,-4.51370023889807598e-02, 1.29652493715309602e+00, 2.41255986477527124e-03,-7.93639258885296073e+01
 2.51405990091218279e-01, 4.50000000000000000e+00,-9.93250848954158189e-02,-3.01704492691265862e-08,-3.35585639936836655e-01,-1.64674389698884949e+00, 9.68697233889415421e-01, 2.00335689965276589e-03, 1.64955525534424101e-02,-9.66511852032532759e-01,-2.10010876150759571e-02, 7.63239858846999630e-01,-4.51181325204622410e-02, 1.29611701771043730e+00, 2.41654729815022132e-03,-7.93606600160897813e+01
 2.51356485382205730e-01, 4.55000000000291038e+00,-9.93247057712347697e-02,-3.01586535638560728e-08,-3.35792313738641768e-01,-1.64657189350558708e+00, 9.69908518324965274e-01, 1.99958904294517820e-03, 1.65080931712015960e-02,-9.67354165323309978e-01,-2.10005901933162931e-02, 7.63280236541874713e-01,-4.50992798747604368e-02, 1.29570959220524085e+00, 2.42053601015304425e-03,-7.93573941332216322e+01
 2.51307038646546410e-01, 4.60000000000582077e+00,-9.93243253735119069e-02,-3.01468726915026740e-08,-3.35998947853896224e-01,-1.64639987478352245e+00, 9.71119371527006114e-01, 1.99582513219431030e-03, 1.65206085567983912e-02,-9.68196655348104951e-01,-2.10000927692509005e-02, 7.63320613655175118e-01,-4.50804443978903985e-02, 1.29530265928619515e+00, 2.42452600563971762e-03,-7.93541282352149437e+01
 2.51257649723877374e-01, 4.65000000000873115e+00,-9.93239437032387845e-02,-3.01351066480207155e-08,-3.36205542531251400e-01,-1.64622784053882021e+00, 9.72329795261783314e-01, 1.99206517923908918e-03, 1.65330987639561375e-02,-9.69039322891718347e-01,-2.09995953421622146e-02, 7.63360990244852156e-01,-4.50616260358732770e-02, 1.29489621760197959e+00, 2.42851728948105571e-03,-7.93508623173584908e+01
 2.51208318453835677e-01, 4.70000000001164153e+00,-9.93235607614107036e-02,-3.01233554293664886e-08,-3.36412098019668648e-01,-1.64605579048762785e+00, 9.73539791293047241e-01, 1.98830919537680345e-03, 1.65455638463070896e-02,-9.69882168738678940e-01,-2.09990979113326912e-02, 7.63401366368853140e-01,-4.50428247347418251e-02, 1.29449026580138415e+00, 2.43250986656145304e-03,-7.93475963749410766e+01
 2.51159044676072696e-01, 4.75000000000000000e+00,-9.93231765490268093e-02,-3.01116190315016843e-08,-3.36618614568358454e-01,-1.64588372434612196e+00, 9.74749361381701762e-01, 1.98455719136465380e-03, 1.65580038573889081e-02,-9.70725193672998032e-01,-2.09986004760449110e-02, 7.63441742085108399e-01,-4.50240404405460246e-02, 1.29408480253342750e+00, 2.43650374177772086e-03,-7.93443304032524850e+01
 2.51109828230196841e-01, 4.80000000000291038e+00,-9.93227910670896053e-02,-3.00998974503797614e-08,-3.36825092427020412e-01,-1.64571164183030882e+00, 9.75958507287246313e-01, 1.98080917741591317e-03, 1.65704188506598446e-02,-9.71568398479149331e-01,-2.09981030355810387e-02, 7.63482117451580011e-01,-4.50052730993311875e-02, 1.29367982644688650e+00, 2.44049892004382903e-03,-7.93410643975795864e+01
 2.51060668955859378e-01, 4.85000000000582077e+00,-9.93224043166056197e-02,-3.00881906819663483e-08,-3.37031531845482124e-01,-1.64553954265632285e+00, 9.77167230765623729e-01, 1.97706516320684178e-03, 1.65828088794764059e-02,-9.72411783940598573e-01,-2.09976055892236550e-02, 7.63522492526189533e-01,-4.49865226571705065e-02, 1.29327533619100254e+00, 2.44449540628381744e-03,-7.93377983532121505e+01
 2.51011566692697530e-01, 4.90000000000873115e+00,-9.93220162985849198e-02,-3.00764987222256707e-08,-3.37237933073938789e-01,-1.64536742654023160e+00, 9.78375533570653211e-01, 1.97332515787281221e-03, 1.65951739971083347e-02,-9.73255350840783073e-01,-2.09971081362552089e-02, 7.63562867366866294e-01,-4.49677890601434815e-02, 1.29287133041501456e+00, 2.44849320543650628e-03,-7.93345322654389804e+01
 2.50962521280348239e-01, 4.95000000001164153e+00,-9.93216270140413471e-02,-3.00648215671238795e-08,-3.37444296362893192e-01,-1.64519529319808044e+00, 9.79583417453670280e-01, 1.96958917000983292e-03, 1.66075142567350120e-02,-9.74099099962867809e-01,-2.09966106759581460e-02, 7.63603242031534957e-01,-4.49490722543412421e-02, 1.29246780776827230e+00, 2.45249232245431815e-03,-7.93312661295488795e+01
 2.50913532558462826e-01, 5.00000000000000000e+00,-9.93212364639924905e-02,-3.00531592126324796e-08,-3.37650621963094533e-01,-1.64502314234594427e+00, 9.80790884163177279e-01, 1.96585720767607306e-03, 1.66198297114419427e-02,-9.74943032089498063e-01,-2.09961132076150574e-02, 7.63643616578104312e-01,-4.49303721858718488e-02, 1.29206476690035665e+00, 2.45649276230211011e-03,-7.93279999408316030e+01
 2.50864600366649870e-01, 5.05000000000291038e+00,-9.93208446494592695e-02,-3.00415116547147700e-08,-3.37856910125778620e-01,-1.64485097369972832e+00, 9.81997935446250914e-01, 1.96212927838795978e-03, 1.66321204142352540e-02,-9.75787148003783300e-01,-2.09956157305080902e-02, 7.63683991064513568e-01,-4.49116888008388240e-02, 1.29166220646061269e+00, 2.46049452996183410e-03,-7.93247336945740500e+01
 2.50815724544560636e-01, 5.10000000000582077e+00,-9.93204515714666281e-02,-3.00298788893461265e-08,-3.38063161102306553e-01,-1.64467878697546799e+00, 9.83204573046430608e-01, 1.95840538912711538e-03, 1.66443864180201989e-02,-9.76631448487822906e-01,-2.09951182439198428e-02, 7.63724365548662520e-01,-4.48930220453734596e-02, 1.29126012509884980e+00, 2.46449763042554072e-03,-7.93214673860659758e+01
 2.50766904931832180e-01, 5.15000000000873115e+00,-9.93200572310430629e-02,-3.00182609125005023e-08,-3.38269375144404916e-01,-1.64450658188912824e+00, 9.84410798705126044e-01, 1.95468554633645162e-03, 1.66566277756156622e-02,-9.77475934323687623e-01,-2.09946207471327501e-02, 7.63764740088458072e-01,-4.48743718656132509e-02, 1.29085852146487712e+00, 2.46850206870004004e-03,-7.93182010105961837e+01
 2.50718141368101555e-01, 5.20000000001164153e+00,-9.93196616292207762e-02,-3.00066577201537895e-08,-3.38475552504104882e-01,-1.64433435815665518e+00, 9.85616614161261784e-01, 1.95096975592166195e-03, 1.66688445397505519e-02,-9.78320606293175188e-01,-2.09941232394292680e-02, 7.63805114741802571e-01,-4.48557382077073297e-02, 1.29045739420861838e+00, 2.47250784980572328e-03,-7.93149345634534910e+01
 2.50669433693020027e-01, 5.25000000000000000e+00,-9.93192647670356754e-02,-2.99950693082871409e-08,-3.38681693433681930e-01,-1.64416211549402291e+00, 9.86822021150940087e-01, 1.94725802325276158e-03, 1.66810367630606630e-02,-9.79165465177563088e-01,-2.09936257200919810e-02, 7.63845489566582492e-01,-4.48371210178217239e-02, 1.29005674198023201e+00, 2.47651497877543003e-03,-7.93116680399276390e+01
 2.50620781746196286e-01, 5.30000000000291038e+00,-9.93188666455269847e-02,-2.99834956728735370e-08,-3.38887798185895150e-01,-1.64398985361703609e+00, 9.88027021408832251e-01, 1.94355035316015287e-03, 1.66932044981026768e-02,-9.80010511758592773e-01,-2.09931281884030430e-02, 7.63885864620714949e-01,-4.48185202421177986e-02, 1.28965656342964152e+00, 2.48052346065908216e-03,-7.93084014353055267e+01
 2.50572185367281486e-01, 5.35000000000582077e+00,-9.93184672657379808e-02,-2.99719368098979820e-08,-3.39093867013626926e-01,-1.64381757224162994e+00, 9.89231616666069957e-01, 1.93984674994151325e-03, 1.67053477973329312e-02,-9.80855746816994278e-01,-2.09926306436450452e-02, 7.63926239962076981e-01,-4.47999358267846814e-02, 1.28925685720723782e+00, 2.48453330051666898e-03,-7.93051347448769235e+01
 2.50523644395912792e-01, 5.40000000000873115e+00,-9.93180666287154235e-02,-2.99603927153440112e-08,-3.39299900170122404e-01,-1.64364527108366865e+00, 9.90435808651666805e-01, 1.93614721735792705e-03, 1.67174667131220547e-02,-9.81701171133469330e-01,-2.09921330851004298e-02, 7.63966615648553726e-01,-4.47813677180177311e-02, 1.28885762196341469e+00, 2.48854450342296659e-03,-7.93018679639306185e+01
 2.50475158671727149e-01, 5.45000000001164153e+00,-9.93176647355096948e-02,-2.99488633851970721e-08,-3.39505897908928822e-01,-1.64347294985899728e+00, 9.91639599092151491e-01, 1.93245175863533268e-03, 1.67295612977512165e-02,-9.82546785488444874e-01,-2.09916355120516457e-02, 7.64006991738024777e-01,-4.47628158620236721e-02, 1.28845885634868207e+00, 2.49255707446632054e-03,-7.92986010877554151e+01
 2.50426728034375767e-01, 5.50000000000000000e+00,-9.93172615871750070e-02,-2.99373488154478335e-08,-3.39711860483835448e-01,-1.64330060828349200e+00, 9.92842989711212764e-01, 1.92876037646599191e-03, 1.67416316034085834e-02,-9.83392590661828492e-01,-2.09911379237812806e-02, 7.64047368288353623e-01,-4.47442802050262642e-02, 1.28806055901378658e+00, 2.49657101874746143e-03,-7.92953341116410968e+01
 2.50378352323467501e-01, 5.55000000000291038e+00,-9.93168571847687365e-02,-2.99258490020788382e-08,-3.39917788149112443e-01,-1.64312824607285557e+00, 9.94045982231132497e-01, 1.92507307300466440e-03, 1.67536776822041246e-02,-9.84238587433989953e-01,-2.09906403195714922e-02, 7.64087745357435844e-01,-4.47257606932445068e-02, 1.28766272860924524e+00, 2.50058634138427020e-03,-7.92920670308745343e+01
 2.50330031378653450e-01, 5.60000000000582077e+00,-9.93164515293522981e-02,-2.99143639410845201e-08,-3.40123681159150870e-01,-1.64295586294292240e+00, 9.95248578370650949e-01, 1.92138984987537766e-03, 1.67656995861479724e-02,-9.85084776584287058e-01,-2.09901426987048612e-02, 7.64128123003126047e-01,-4.47072572729251411e-02, 1.28726536378604273e+00, 2.50460304750467402e-03,-7.92887998407454830e+01
 2.50281765039570725e-01, 5.65000000000873115e+00,-9.93160446219906456e-02,-2.99028936284578840e-08,-3.40329539768702227e-01,-1.64278345860945985e+00, 9.96450779846370205e-01, 1.91771070816752266e-03, 1.67776973671646124e-02,-9.85931158892049520e-01,-2.09896450604638435e-02, 7.64168501283286172e-01,-4.46887698903209729e-02, 1.28686846319516901e+00, 2.50862114225131830e-03,-7.92855325365427746e+01
 2.50233553145856380e-01, 5.70000000001164153e+00,-9.93156364637522715e-02,-2.98914380601937678e-08,-3.40535364232817717e-01,-1.64261103278821041e+00, 9.97652588372434423e-01, 1.91403564843738985e-03, 1.67896710770900764e-02,-9.86777735136330936e-01,-2.09891474041308812e-02, 7.64208880255773271e-01,-4.46702984916962573e-02, 1.28647202548773421e+00, 2.51264063078048862e-03,-7.92822651135551837e+01
 2.50185395805238464e-01, 5.75000000000000000e+00,-9.93152270479639998e-02,-2.98799972814795131e-08,-3.40741154837036986e-01,-1.64243858510825191e+00, 9.98854006145031170e-01, 1.91036483018587546e-03, 1.68016207747167350e-02,-9.87624507303574872e-01,-2.09886497287876568e-02, 7.64249259994729591e-01,-4.46518430950224865e-02, 1.28607605151930726e+00, 2.51666151851838741e-03,-7.92789975657534711e+01
 2.50137302658542005e-01, 5.80000000000291038e+00,-9.93148160924615941e-02,-2.98685730865971021e-08,-3.40946912943258740e-01,-1.64226611211512852e+00, 1.00005505259696315e+00, 1.90670409197485390e-03, 1.68135467690860574e-02,-9.88471520334982645e-01,-2.09881520263705684e-02, 7.64289641154019983e-01,-4.46334062675256410e-02, 1.28568062052667464e+00, 2.52068382001736794e-03,-7.92757298401949981e+01
 2.50089264250429377e-01, 5.85000000000582077e+00,-9.93144038668252183e-02,-2.98571637660344452e-08,-3.41152637758129207e-01,-1.64209361653084751e+00, 1.00125571261282409e+00, 1.90304791242770928e-03, 1.68254488669479021e-02,-9.89318733123212168e-01,-2.09876543031285480e-02, 7.64330023226242661e-01,-4.46149854696656772e-02, 1.28528565473114109e+00, 2.52470753147661592e-03,-7.92724619779079092e+01
 2.50041280439644353e-01, 5.90000000000873115e+00,-9.93139903715738320e-02,-2.98457693192878425e-08,-3.41358329540012495e-01,-1.64192109806488951e+00, 1.00245598792982737e+00, 1.89939630322404594e-03, 1.68373271202056640e-02,-9.90166146531859859e-01,-2.09871565583297261e-02, 7.64370406270395542e-01,-4.45965806528331454e-02, 1.28489115294065437e+00, 2.52873265811243142e-03,-7.92691939740870026e+01
 2.49993351084930565e-01, 5.95000000001164153e+00,-9.93135756072295595e-02,-2.98343897458550429e-08,-3.41563988547566977e-01,-1.64174855642671247e+00, 1.00365588028267427e+00, 1.89574927557310076e-03, 1.68491815806721228e-02,-9.91013761424231254e-01,-2.09866587912422194e-02, 7.64410790345473101e-01,-4.45781917684289139e-02, 1.28449711396326016e+00, 2.53275920515431442e-03,-7.92659258239270343e+01
 2.49945476045045800e-01, 6.00000000000000000e+00,-9.93131595743179801e-02,-2.98230250452385935e-08,-3.41769615039686003e-01,-1.64157599132580878e+00, 1.00485539140316393e+00, 1.89210684021510708e-03, 1.68610123000653180e-02,-9.91861578663095655e-01,-2.09861610011343007e-02, 7.64451175510452718e-01,-4.45598187678699700e-02, 1.28410353660721932e+00, 2.53678717784367597e-03,-7.92626575226237833e+01
 2.49897655178705852e-01, 6.05000000000291038e+00,-9.93127422733674214e-02,-2.98116752169325111e-08,-3.41975209275736214e-01,-1.64140340247149497e+00, 1.00605452302164466e+00, 1.88846900741756834e-03, 1.68728193300235266e-02,-9.92709599111670782e-01,-2.09856631872738023e-02, 7.64491561824342969e-01,-4.45414616025674170e-02, 1.28371041968054800e+00, 2.54081658143869016e-03,-7.92593890653700868e+01
 2.49849888344668425e-01, 6.10000000000582077e+00,-9.93123237049098190e-02,-2.98003402604422410e-08,-3.42180771515198157e-01,-1.64123078957322321e+00, 1.00725327686486499e+00, 1.88483578698187405e-03, 1.68846027220835582e-02,-9.93557823632145731e-01,-2.09851653489289969e-02, 7.64531949346111350e-01,-4.45231202239590521e-02, 1.28331776199170600e+00, 2.54484742120709203e-03,-7.92561204473617096e+01
 2.49802175401677262e-01, 6.15000000000873115e+00,-9.93119038694802031e-02,-2.97890201752713159e-08,-3.42386302017905042e-01,-1.64105815234037267e+00, 1.00845165465740427e+00, 1.88120718823951965e-03, 1.68963625276953959e-02,-9.94406253086663972e-01,-2.09846674853680117e-02, 7.64572338134734020e-01,-4.45047945834876890e-02, 1.28292556234913957e+00, 2.54887970243097318e-03,-7.92528516637934359e+01
 2.49754516208476107e-01, 6.20000000001164153e+00,-9.93114827676168238e-02,-2.97777149609247146e-08,-3.42591801043982402e-01,-1.64088549048230203e+00, 1.00964965812132079e+00, 1.87758322005353328e-03, 1.69080987982187028e-02,-9.95254888337078758e-01,-2.09841695958589668e-02, 7.64612728249181250e-01,-4.44864846326066543e-02, 1.28253381956139600e+00, 2.55291343040558961e-03,-7.92495827098600358e+01
 2.49706910623822526e-01, 6.25000000000000000e+00,-9.93110603998611646e-02,-2.97664246169121242e-08,-3.42797268853787584e-01,-1.64071280370840311e+00, 1.01084728897578513e+00, 1.87396389081986902e-03, 1.69198115849192483e-02,-9.96103730244705443e-01,-2.09836716796701385e-02, 7.64653119748408105e-01,-4.44681903227848938e-02, 1.28214253243723686e+00, 2.55694861043814477e-03,-7.92463135807572598e+01
 2.49659358506432588e-01, 6.30000000000291038e+00,-9.93106367667576234e-02,-2.97551491427348043e-08,-3.43002705708149003e-01,-1.64054009172789339e+00, 1.01204454893849283e+00, 1.87034920846360087e-03, 1.69315009389829386e-02,-9.96952779671308909e-01,-2.09831737360693521e-02, 7.64693512691398847e-01,-4.44499116054858784e-02, 1.28175169978518544e+00, 2.56098524785253277e-03,-7.92430442716779879e+01
 2.49611859715063861e-01, 6.35000000000582077e+00,-9.93102118688541091e-02,-2.97438885379052743e-08,-3.43208111868005872e-01,-1.64036735425012337e+00, 1.01324143972357050e+00, 1.86673918044560601e-03, 1.69431669114954407e-02,-9.97802037477622417e-01,-2.09826757643248839e-02, 7.64733907137098989e-01,-4.44316484321994123e-02, 1.28136132041420869e+00, 2.56502334798228496e-03,-7.92397747778179422e+01
 2.49564414108460086e-01, 6.40000000000873115e+00,-9.93097857067016254e-02,-2.97326428019341775e-08,-3.43413487594647793e-01,-1.64019459098437292e+00, 1.01443796304295675e+00, 1.86313381375868880e-03, 1.69548095534556437e-02,-9.98651504524334488e-01,-2.09821777637048575e-02, 7.64774303144460710e-01,-4.44134007544204484e-02, 1.28097139313326114e+00, 2.56906291617522596e-03,-7.92365050943719211e+01
 2.49517021545365036e-01, 6.45000000001164153e+00,-9.93093582808542708e-02,-2.97214119343335467e-08,-3.43618833149654135e-01,-1.64002180163990241e+00, 1.01563412060606728e+00, 1.85953311492902357e-03, 1.69664289157726543e-02,-9.99501181671841987e-01,-2.09816797334773965e-02, 7.64814700772431300e-01,-4.43951685236542923e-02, 1.28058191675140209e+00, 2.57310395779234346e-03,-7.92332352165347089e+01
 2.49469681884536193e-01, 6.50000000000000000e+00,-9.93089295918695852e-02,-2.97101959346201066e-08,-3.43824148794833417e-01,-1.63984898592600148e+00, 1.01682991411944346e+00, 1.85593709001754962e-03, 1.69780250492623970e-02,-1.00035106978000310e+00,-2.09811816729107772e-02, 7.64855100079941508e-01,-4.43769516914218620e-02, 1.28019289007790738e+00, 2.57714647820659302e-03,-7.92299651395020419e+01
 2.49422394984689738e-01, 6.55000000000291038e+00,-9.93084996403077597e-02,-2.96989948023021314e-08,-3.44029434792462341e-01,-1.63967614355178970e+00, 1.01802534528814359e+00, 1.85234574461614547e-03, 1.69895980046612730e-02,-1.00120116970912609e+00,-2.09806835812728215e-02, 7.64895501125953392e-01,-4.43587502092386080e-02, 1.27980431192181610e+00, 2.58119048280760783e-03,-7.92266948584668000e+01
 2.49375160704583210e-01, 6.60000000000582077e+00,-9.93080684267326208e-02,-2.96878085368991087e-08,-3.44234691404926352e-01,-1.63950327422651765e+00, 1.01922041581365974e+00, 1.84875908385426463e-03, 1.70011478326060166e-02,-1.00205148231848518e+00,-2.09801854578318125e-02, 7.64935903969388931e-01,-4.43405640286461747e-02, 1.27941618109261301e+00, 2.58523597699464791e-03,-7.92234243686247055e+01
 2.49327978902960351e-01, 6.65000000000873115e+00,-9.93076359517110208e-02,-2.96766371379286267e-08,-3.44439918894958452e-01,-1.63933037765936551e+00, 1.02041512739528972e+00, 1.84517711239505955e-03, 1.70126745836469938e-02,-1.00290200846730992e+00,-2.09796873018558670e-02, 7.64976308669176097e-01,-4.43223931011914318e-02, 1.27902849639977378e+00, 2.58928296618125310e-03,-7.92201536651705709e+01
 2.49280849438564878e-01, 6.70000000001164153e+00,-9.93072022158129480e-02,-2.96654806049096335e-08,-3.44645117525578637e-01,-1.63915745355949416e+00, 1.02160948172981958e+00, 1.84159983443683557e-03, 1.70241783082454683e-02,-1.00375274901453748e+00,-2.09791891126131121e-02, 7.65016715284239313e-01,-4.43042373784313104e-02, 1.27864125665287931e+00, 2.59333145579414975e-03,-7.92168827432991662e+01
 2.49233772170154272e-01, 6.75000000000000000e+00,-9.93067672196116663e-02,-2.96543389373656963e-08,-3.44850287560034052e-01,-1.63898450163609399e+00, 1.02280348051115655e+00, 1.83802725371439379e-03, 1.70356590567699896e-02,-1.00460370481856542e+00,-2.09786908893718205e-02, 7.65057123873486233e-01,-4.42860968119386036e-02, 1.27825446066172965e+00, 2.59738145127201298e-03,-7.92136115982062279e+01
 2.49186746956444799e-01, 6.80000000000291038e+00,-9.93063309636832425e-02,-2.96432121348119979e-08,-3.45055429262036861e-01,-1.63881152159818466e+00, 1.02399712543172261e+00, 1.83445937349521878e-03, 1.70471168795099451e-02,-1.00545487673824097e+00,-2.09781926313998210e-02, 7.65097534495855158e-01,-4.42679713532803734e-02, 1.27786810723589150e+00, 2.60143295807019857e-03,-7.92103402250846358e+01
 2.49139773656193969e-01, 6.85000000000582077e+00,-9.93058934486072409e-02,-2.96321001967748252e-08,-3.45260542895406031e-01,-1.63863851315491771e+00, 1.02519041818037082e+00, 1.83089619658605802e-03, 1.70585518266556171e-02,-1.00630626563137593e+00,-2.09776943379653864e-02, 7.65137947210243974e-01,-4.42498609540500284e-02, 1.27748219518537831e+00, 2.60548598165366791e-03,-7.92070686191301263e+01
 2.49092852128145525e-01, 6.90000000000873115e+00,-9.93054546749662786e-02,-2.96210031227785460e-08,-3.45465628724305140e-01,-1.63846547601537496e+00, 1.02638336044376888e+00, 1.82733772532908136e-03, 1.70699639483115582e-02,-1.00715787235573750e+00,-2.09771960083366474e-02, 7.65178362075558116e-01,-4.42317655658458764e-02, 1.27709672332019597e+00, 2.60954052750168777e-03,-7.92037967755374979e+01
 2.49045982231043156e-01, 6.95000000001164153e+00,-9.93050146433460679e-02,-2.96099209123488749e-08,-3.45670687013182321e-01,-1.63829240988861669e+00, 1.02757595390606871e+00, 1.82378396160328489e-03, 1.70813532944936348e-02,-1.00800969776879934e+00,-2.09766976417817171e-02, 7.65218779150697803e-01,-4.42136851402765291e-02, 1.27671169045045829e+00, 2.61359660110669755e-03,-7.92005246895015205e+01
 2.48999163823644259e-01, 7.00000000000000000e+00,-9.93045733543356096e-02,-2.95988535650160691e-08,-3.45875718026710577e-01,-1.63811931448373582e+00, 1.02876820024854232e+00, 1.82023490682581778e-03, 1.70927199151255441e-02,-1.00886174272749352e+00,-2.09761992375688752e-02, 7.65259198494547599e-01,-4.41956196289661832e-02, 1.27632709538649936e+00, 2.61765420797308197e-03,-7.91972523562179305e+01
 2.48952396764665296e-01, 7.05000000000291038e+00,-9.93041308085266666e-02,-2.95878010803020745e-08,-3.46080722030025267e-01,-1.63794618950965210e+00, 1.02996010115097114e+00, 1.81669056194817802e-03, 1.71040638600521121e-02,-1.00971400808920397e+00,-2.09757007949659506e-02, 7.65299620166021599e-01,-4.41775689835335536e-02, 1.27594293693842475e+00, 2.62171335362189383e-03,-7.91939797708796220e+01
 2.48905680912863664e-01, 7.10000000000582077e+00,-9.93036870065144711e-02,-2.95767634577397923e-08,-3.46285699288365834e-01,-1.63777303467541868e+00, 1.03115165828957811e+00, 1.81315092746275625e-03, 1.71153851790198895e-02,-1.01056649471027593e+00,-2.09752023132412160e-02, 7.65340044223994598e-01,-4.41595331556232998e-02, 1.27555921391678551e+00, 2.62577404358381710e-03,-7.91907069286823173e+01
 2.48859016126983107e-01, 7.15000000000873115e+00,-9.93032419488972806e-02,-2.95657406968602440e-08,-3.46490650067314387e-01,-1.63759984969001704e+00, 1.03234287333840102e+00, 1.80961600339899658e-03, 1.71266839216901376e-02,-1.01141920344700975e+00,-2.09747037916628021e-02, 7.65380470727348161e-01,-4.41415120968851535e-02, 1.27517592513212863e+00, 2.62983628340384117e-03,-7.91874338248208005e+01
 2.48812402265767341e-01, 7.20000000001164153e+00,-9.93027956362764613e-02,-2.95547327971957450e-08,-3.46695574632734982e-01,-1.63742663426241020e+00, 1.03353374796894593e+00, 1.80608578932474058e-03, 1.71379601376356674e-02,-1.01227213515541181e+00,-2.09742052294988220e-02, 7.65420899734959193e-01,-4.41235057589790744e-02, 1.27479306939511172e+00, 2.63390007864008251e-03,-7.91841604544898701e+01
 2.48765839187973681e-01, 7.25000000000000000e+00,-9.93023480692566407e-02,-2.95437397582831140e-08,-3.46900473250713770e-01,-1.63725338810159138e+00, 1.03472428384984938e+00, 1.80256028434758425e-03, 1.71492138763378460e-02,-1.01312529069094603e+00,-2.09737066260175485e-02, 7.65461331305687831e-01,-4.41055140935805515e-02, 1.27441064551661198e+00, 2.63796543486262977e-03,-7.91808868128852623e+01
 2.48719326752318726e-01, 7.30000000000291038e+00,-9.93018992484451524e-02,-2.95327615796508612e-08,-3.47105346187796981e-01,-1.63708011091638306e+00, 1.03591448264825980e+00, 1.79903948711107294e-03, 1.71604451871996827e-02,-1.01397867090952754e+00,-2.09732079804868209e-02, 7.65501765498424858e-01,-4.40875370523595017e-02, 1.27402865230728413e+00, 2.64203235765826487e-03,-7.91776128951998572e+01
 2.48672864817559819e-01, 7.35000000000582077e+00,-9.93014491744528410e-02,-2.95217982608383960e-08,-3.47310193710632764e-01,-1.63690680241573849e+00, 1.03710434602776513e+00, 1.79552339580117595e-03, 1.71716541195264007e-02,-1.01483227666603226e+00,-2.09727092921749118e-02, 7.65542202372021419e-01,-4.40695745870118560e-02, 1.27364708857822695e+00, 2.64610085262337487e-03,-7.91743386966293770e+01
 2.48626453242440648e-01, 7.40000000000873115e+00,-9.93009978478934657e-02,-2.95108498013832053e-08,-3.47515016086208994e-01,-1.63673346230853989e+00, 1.03829387564976550e+00, 1.79201200814245953e-03, 1.71828407225384193e-02,-1.01568610881528909e+00,-2.09722105603499347e-02, 7.65582641985335433e-01,-4.40516266492384095e-02, 1.27326595314053859e+00, 2.65017092536865874e-03,-7.91710642123686057e+01
 2.48580091885704985e-01, 7.45000000001164153e+00,-9.93005452693839913e-02,-2.94999162008240597e-08,-3.47719813581793435e-01,-1.63656009030365457e+00, 1.03948307317312394e+00, 1.78850532139940331e-03, 1.71940050453681138e-02,-1.01654016821183379e+00,-2.09717117842800164e-02, 7.65623084397219267e-01,-4.40336931907503032e-02, 1.27288524480542842e+00, 2.65424258151792606e-03,-7.91677894376123561e+01
 2.48533780606110033e-01, 7.50000000000000000e+00,-9.93000914395445328e-02,-2.94889974587041737e-08,-3.47924586464873509e-01,-1.63638668610997406e+00, 1.04067194025385068e+00, 1.78500333237777424e-03, 1.72051471370572480e-02,-1.01739445570965725e+00,-2.09712129632334369e-02, 7.65663529666510190e-01,-4.40157741632741240e-02, 1.27250496238432897e+00, 2.65831582670700804e-03,-7.91645143675563361e+01
 2.48487519262372586e-01, 7.55000000000291038e+00,-9.92996363589978837e-02,-2.94780935745584930e-08,-3.48129335003394325e-01,-1.63621324943622604e+00, 1.04186047854644404e+00, 1.78150603742076243e-03, 1.72162670465692280e-02,-1.01824897216320243e+00,-2.09707140964780318e-02, 7.65703977852074558e-01,-4.39978695185307411e-02, 1.27212510468845275e+00, 2.66239066658836886e-03,-7.91612389973934540e+01
 2.48441307713249876e-01, 7.60000000000582077e+00,-9.92991800283704040e-02,-2.94672045479327532e-08,-3.48334059465400303e-01,-1.63603977999126182e+00, 1.04304868970185760e+00, 1.77801343241546905e-03, 1.72273648227705793e-02,-1.01910371842587111e+00,-2.09702151832820601e-02, 7.65744429012739869e-01,-4.39799792082671143e-02, 1.27174567052945608e+00, 2.66646710682412512e-03,-7.91579633223194179e+01
 2.48395145817485619e-01, 7.65000000000873115e+00,-9.92987224482913544e-02,-2.94563303783707774e-08,-3.48538760119273483e-01,-1.63586627748386904e+00, 1.04423657536884762e+00, 1.77452551278904093e-03, 1.72384405144433185e-02,-1.01995869535101824e+00,-2.09697162229136487e-02, 7.65784883207340061e-01,-4.39621031842350463e-02, 1.27136665871899757e+00, 2.67054515309067758e-03,-7.91546873375290261e+01
 2.48349033433823557e-01, 7.70000000001164153e+00,-9.92982636193930623e-02,-2.94454710654176230e-08,-3.48743437233673403e-01,-1.63569274162281375e+00, 1.04542413719364125e+00, 1.77104227351000611e-03, 1.72494941702820842e-02,-1.02081390379170345e+00,-2.09692172146409284e-02, 7.65825340494703521e-01,-4.39442413981965541e-02, 1.27098806806884923e+00, 2.67462481107757014e-03,-7.91514110382170770e+01
 2.48302975101312107e-01, 7.75000000000000000e+00,-9.92978033978243468e-02,-2.94346266199839675e-08,-3.48948092340842675e-01,-1.63551916959532218e+00, 1.04661139103167278e+00, 1.76756663640043141e-03, 1.72605260636887331e-02,-1.02166937990707840e+00,-2.09687181517570070e-02, 7.65865801418067371e-01,-4.39263950255860194e-02, 1.27060993581477866e+00, 2.67870610839584947e-03,-7.91481343803486936e+01
 2.48256970684733985e-01, 7.80000000000291038e+00,-9.92973417839668748e-02,-2.94237970416335131e-08,-3.49152725711843803e-01,-1.63534556110666340e+00, 1.04779833852758197e+00, 1.76409861029537345e-03, 1.72715362427821421e-02,-1.02252512459145461e+00,-2.09682190335219454e-02, 7.65906266036876504e-01,-4.39085640195960025e-02, 1.27023226081390117e+00, 2.68278905073323888e-03,-7.91448573590656537e+01
 2.48211016041198079e-01, 7.85000000000582077e+00,-9.92968789019689074e-02,-2.94129823202087331e-08,-3.49357336535935925e-01,-1.63517191802151562e+00, 1.04898496916148232e+00, 1.76063569067898794e-03, 1.72825245634883502e-02,-1.02338110850755948e+00,-2.09677198643127977e-02, 7.65946733995736984e-01,-4.38907472857267417e-02, 1.26985500902419779e+00, 2.68687362505902602e-03,-7.91415800031060854e+01
 2.48165111046137338e-01, 7.90000000000873115e+00,-9.92964147519495299e-02,-2.94021824553013876e-08,-3.49561925087386483e-01,-1.63499824003956484e+00, 1.05017128461781062e+00, 1.75717788277712306e-03, 1.72934910748509182e-02,-1.02423733263249117e+00,-2.09672206433763851e-02, 7.65987205355181611e-01,-4.38729447801193273e-02, 1.26947817939423957e+00, 2.69095983718448941e-03,-7.91383023075248815e+01
 2.48119255574984765e-01, 7.95000000001164153e+00,-9.92959493340307420e-02,-2.93913974465044572e-08,-3.49766491640736754e-01,-1.63482452686047619e+00, 1.05135728657839089e+00, 1.75372519141121959e-03, 1.73044358258231043e-02,-1.02509379794303079e+00,-2.09667213699595290e-02, 7.66027680175738190e-01,-4.38551564589243353e-02, 1.26910177087269194e+00, 2.69504769293372765e-03,-7.91350242673769628e+01
 2.48073449503186688e-01, 8.00000000000000000e+00,-9.92954826483372632e-02,-2.93806272934153301e-08,-3.49971036470741292e-01,-1.63465077818394455e+00, 1.05254297672211639e+00, 1.75027762099967091e-03, 1.73153588652653657e-02,-1.02595050541539079e+00,-2.09662220433091857e-02, 7.66068158517918096e-01,-4.38373822783067121e-02, 1.26872578240842437e+00, 2.69913719814256214e-03,-7.91317458777181457e+01
 2.48027692706149383e-01, 8.05000000000291038e+00,-9.92950146949962420e-02,-2.93698719956232086e-08,-3.50175559852606066e-01,-1.63447699370949451e+00, 1.05372835672629517e+00, 1.74683517555402376e-03, 1.73262602419574641e-02,-1.02680745602621415e+00,-2.09657226626718922e-02, 7.66108640442263233e-01,-4.38196221944252146e-02, 1.26835021295007122e+00, 2.70322835866318488e-03,-7.91284671336014327e+01
 2.47981985059319177e-01, 8.10000000000582077e+00,-9.92945454741379074e-02,-2.93591315527279290e-08,-3.50380062061630304e-01,-1.63430317313678053e+00, 1.05491342826460666e+00, 1.74339785868534683e-03, 1.73371400045800456e-02,-1.02766465075107782e+00,-2.09652232272946049e-02, 7.66149126009274539e-01,-4.38018761634633991e-02, 1.26797506144668937e+00, 2.70732118035710463e-03,-7.91251880300826542e+01
 2.47936326438129101e-01, 8.15000000000873115e+00,-9.92940749858951116e-02,-2.93484059643274419e-08,-3.50584543373444579e-01,-1.63412931616539026e+00, 1.05609819300845520e+00, 1.73996567360044647e-03, 1.73479982017269198e-02,-1.02852209056548838e+00,-2.09647237364241415e-02, 7.66189615279460612e-01,-4.37841441416089994e-02, 1.26760032684732327e+00, 2.71141566909982503e-03,-7.91219085622167313e+01
 2.47890716718012077e-01, 8.20000000001164153e+00,-9.92936032304034683e-02,-2.93376952300208956e-08,-3.50789004063950360e-01,-1.63395542249488734e+00, 1.05728265262665810e+00, 1.73653862310322346e-03, 1.73588348819027002e-02,-1.02937977644463441e+00,-2.09642241893073199e-02, 7.66230108313324054e-01,-4.37664260850590611e-02, 1.26722600810111086e+00, 2.71551183077976257e-03,-7.91186287250585281e+01
 2.47845155774414405e-01, 8.25000000000000000e+00,-9.92931302078014222e-02,-2.93269993494117761e-08,-3.50993444409260225e-01,-1.63378149182486987e+00, 1.05846680878506549e+00, 1.73311670959587125e-03, 1.73696500935189707e-02,-1.03023770936313519e+00,-2.09637245851911104e-02, 7.66270605171351260e-01,-4.37487219500249727e-02, 1.26685210415739546e+00, 2.71960967129693471e-03,-7.91153485136639176e+01
 2.47799643482742499e-01, 8.30000000000291038e+00,-9.92926559182297080e-02,-2.93163183220954267e-08,-3.51197864685935113e-01,-1.63360752385476249e+00, 1.05965066314796585e+00, 1.72969993507523286e-03, 1.73804438849076114e-02,-1.03109589029604032e+00,-2.09632249233220394e-02, 7.66311105914059376e-01,-4.37310316927119677e-02, 1.26647861396528949e+00, 2.72370919656782923e-03,-7.91120679230858741e+01
 2.47754179718442602e-01, 8.35000000000582077e+00,-9.92921803618322107e-02,-2.93056521476777486e-08,-3.51402265170626948e-01,-1.63343351828412109e+00, 1.06083421737600658e+00, 1.72628830113902222e-03, 1.73912163043017133e-02,-1.03195432021733069e+00,-2.09627252029470600e-02, 7.66351610601924582e-01,-4.37133552693500238e-02, 1.26610553647432789e+00, 2.72781041251820384e-03,-7.91087869483802422e+01
 2.47708764356947747e-01, 8.40000000000873115e+00,-9.92917035387554520e-02,-2.92950008257627045e-08,-3.51606646140316392e-01,-1.63325947481243405e+00, 1.06201747312756600e+00, 1.72288180898210169e-03, 1.74019673998482144e-02,-1.03281300010091748e+00,-2.09622254233130106e-02, 7.66392119295429830e-01,-4.36956926361731571e-02, 1.26573287063403472e+00, 2.73191332508784497e-03,-7.91055055846019286e+01
 2.47663397273690855e-01, 8.45000000001164153e+00,-9.92912254491485485e-02,-2.92843643559554578e-08,-3.51811007872252224e-01,-1.63308539313916601e+00, 1.06320043205842718e+00, 1.71948045939778068e-03, 1.74126972196051583e-02,-1.03367193092039189e+00,-2.09617255836666884e-02, 7.66432632055053187e-01,-4.36780437494247373e-02, 1.26536061539402978e+00, 2.73601794022942414e-03,-7.91022238268058118e+01
 2.47618078344118170e-01, 8.50000000000000000e+00,-9.92907460931635871e-02,-2.92737427378654303e-08,-3.52015350643891944e-01,-1.63291127296381600e+00, 1.06438309582141177e+00, 1.71608425277903175e-03, 1.74234058115383256e-02,-1.03453111364877492e+00,-2.09612256832550636e-02, 7.66473148941256288e-01,-4.36604085653624005e-02, 1.26498876970413887e+00, 2.74012426390724895e-03,-7.90989416700477506e+01
 2.47572807443636217e-01, 8.55000000000291038e+00,-9.92902654709548610e-02,-2.92631359710939575e-08,-3.52219674733138810e-01,-1.63273711398571009e+00, 1.06556546606777403e+00, 1.71269318911483029e-03, 1.74340932235340813e-02,-1.03539054925951812e+00,-2.09607257213246696e-02, 7.66513670014530413e-01,-4.36427870402376419e-02, 1.26461733251396069e+00, 2.74423230210209083e-03,-7.90956591093807191e+01
 2.47527584447691240e-01, 8.60000000000582077e+00,-9.92897835826797998e-02,-2.92525440552528170e-08,-3.52423980417984617e-01,-1.63256291590430602e+00, 1.06674754444512043e+00, 1.70930726799632042e-03, 1.74447595033805358e-02,-1.03625023872500233e+00,-2.09602256971224629e-02, 7.66554195335326649e-01,-4.36251791303266107e-02, 1.26424630277351713e+00, 2.74834206080397121e-03,-7.90923761398605762e+01
 2.47482409231716161e-01, 8.65000000000873115e+00,-9.92893004284984143e-02,-2.92419669899518508e-08,-3.52628267976747067e-01,-1.63238867841899182e+00, 1.06792933259879863e+00, 1.70592648861313798e-03, 1.74554046987803260e-02,-1.03711018301753732e+00,-2.09597256098952647e-02, 7.66594724964103302e-01,-4.36075847919094664e-02, 1.26387567943281898e+00, 2.75245354601698182e-03,-7.90890927565422146e+01
 2.47437281671144010e-01, 8.70000000001164153e+00,-9.92888160085734217e-02,-2.92314047748020591e-08,-3.52832537688009873e-01,-1.63221440122913730e+00, 1.06911083217154679e+00, 1.70255084975464506e-03, 1.74660288573475000e-02,-1.03797038310911272e+00,-2.09592254588898998e-02, 7.66635258961313237e-01,-4.35900039812756740e-02, 1.26350546144197740e+00, 2.75656676375807264e-03,-7.90858089544805267e+01
 2.47392201641420867e-01, 8.75000000000000000e+00,-9.92883303230703146e-02,-2.92208574094186606e-08,-3.53036789830562692e-01,-1.63204008403414003e+00, 1.07029204480315321e+00, 1.69918034981116572e-03, 1.74766320266045855e-02,-1.03883083997114700e+00,-2.09587252433533211e-02, 7.66675797387392222e-01,-4.35724366547289091e-02, 1.26313564775130849e+00, 2.76068172005586310e-03,-7.90825247287313573e+01
 2.47347169017953478e-01, 8.80000000000291038e+00,-9.92878433721569170e-02,-2.92103248934088007e-08,-3.53241024683638549e-01,-1.63186572653322814e+00, 1.07147297213182258e+00, 1.69581498677030319e-03, 1.74872142539949232e-02,-1.03969155457548745e+00,-2.09582249625320620e-02, 7.66716340302807331e-01,-4.35548827685667619e-02, 1.26276623731090543e+00, 2.76479842095541523e-03,-7.90792400743476946e+01
 2.47302183676187948e-01, 8.85000000000582077e+00,-9.92873551560041340e-02,-2.91998072263899879e-08,-3.53445242526556291e-01,-1.63169132842576126e+00, 1.07265361579212470e+00, 1.69245475822308276e-03, 1.74977755868643940e-02,-1.04055252789291020e+00,-2.09577246156730825e-02, 7.66756887767983786e-01,-4.35373422791112893e-02, 1.26239722907128460e+00, 2.76891687251107745e-03,-7.90759549863853834e+01
 2.47257245491557281e-01, 8.90000000000873115e+00,-9.92868656747853962e-02,-2.91893044079777718e-08,-3.53649443638958449e-01,-1.63151688941102968e+00, 1.07383397741636077e+00, 1.68909966136026419e-03, 1.75083160724737869e-02,-1.04141376089411963e+00,-2.09572242020232037e-02, 7.66797439843354800e-01,-4.35198151426887184e-02, 1.26202862198295351e+00, 2.77303708079125336e-03,-7.90726694598993163e+01
 2.47212354339494428e-01, 8.95000000001164153e+00,-9.92863749286768682e-02,-2.91788164377888402e-08,-3.53853628300751011e-01,-1.63134240918830287e+00, 1.07501405863422272e+00, 1.68574969297356401e-03, 1.75188357579958189e-02,-1.04227525454949776e+00,-2.09567237208292366e-02, 7.66837996589348148e-01,-4.35023013156342966e-02, 1.26166041499652049e+00, 2.77715905187721820e-03,-7.90693834899443857e+01
 2.47167510095445409e-01, 9.00000000000000000e+00,-9.92858829178574764e-02,-2.91683433154440332e-08,-3.54057796792043411e-01,-1.63116788745688379e+00, 1.07619386107243908e+00, 1.68240484945684924e-03, 1.75293346905120544e-02,-1.04313700982885504e+00,-2.09562231713381619e-02, 7.66878558066373395e-01,-4.34848007542976700e-02, 1.26129260706280077e+00, 2.78128279186188807e-03,-7.90660970715764648e+01
 2.47122712634817165e-01, 9.05000000000291038e+00,-9.92853896425084093e-02,-2.91578850405561643e-08,-3.54261949393385733e-01,-1.63099332391589957e+00, 1.07737338635617919e+00, 1.67906512680253612e-03, 1.75398129170257384e-02,-1.04399902770243114e+00,-2.09557225527964922e-02, 7.66919124334872859e-01,-4.34673134150222532e-02, 1.26092519713239093e+00, 2.78540830685470881e-03,-7.90628101998484993e+01
 2.47077961833055665e-01, 9.10000000000582077e+00,-9.92848951028139776e-02,-2.91474416127483005e-08,-3.54466086385412105e-01,-1.63081871826461411e+00, 1.07855263610694951e+00, 1.67573052060758271e-03, 1.75502704844427981e-02,-1.04486130913939212e+00,-2.09552218644511942e-02, 7.66959695455246337e-01,-4.34498392541758649e-02, 1.26055818415630760e+00, 2.78953560297434114e-03,-7.90595228698163623e+01
 2.47033257565593967e-01, 9.15000000000873115e+00,-9.92843992989609764e-02,-2.91370130316415500e-08,-3.54670208049077229e-01,-1.63064407020221847e+00, 1.07973161194399614e+00, 1.67240102606988107e-03, 1.75607074395847385e-02,-1.04572385510883037e+00,-2.09547211055490859e-02, 7.67000271487901397e-01,-4.34323782281305082e-02, 1.26019156708556457e+00, 2.79366468635354167e-03,-7.90562350765349464e+01
 2.46988599707864964e-01, 9.20000000001164153e+00,-9.92839022311389208e-02,-2.91265992968581162e-08,-3.54874314665597212e-01,-1.63046937942788550e+00, 1.08091031548395500e+00, 1.66907663798943713e-03, 1.75711238291855129e-02,-1.04658666657951716e+00,-2.09542202753369919e-02, 7.67040852493240166e-01,-4.34149302932671233e-02, 1.25982534487127440e+00, 2.79779556313794302e-03,-7.90529468150591441e+01
 2.46943988135314707e-01, 9.25000000000000000e+00,-9.92834038995400459e-02,-2.91162004080243023e-08,-3.55078406516388889e-01,-1.63029464564081739e+00, 1.08208874834051128e+00, 1.66575735076957563e-03, 1.75815196998887306e-02,-1.04744974451964890e+00,-2.09537193730618652e-02, 7.67081438531647342e-01,-4.33974954059810486e-02, 1.25945951646476062e+00, 2.80192823948487157e-03,-7.90496580804447859e+01
 2.46899422723350137e-01, 9.30000000000291038e+00,-9.92829043043589460e-02,-2.91058163647584336e-08,-3.55282483883307743e-01,-1.63011986854004753e+00, 1.08326691212574588e+00, 1.66244315841324519e-03, 1.75918950982593483e-02,-1.04831308989785232e+00,-2.09532183979702462e-02, 7.67122029663538929e-01,-4.33800735226613915e-02, 1.25909408081712826e+00, 2.80606272156808025e-03,-7.90463688677448886e+01
 2.46854903347417304e-01, 9.35000000000582077e+00,-9.92824034457931298e-02,-2.90954471666889739e-08,-3.55486547048290358e-01,-1.62994504782473904e+00, 1.08444480844812419e+00, 1.65913405452911911e-03, 1.76022500707664724e-02,-1.04917670368167748e+00,-2.09527173493090843e-02, 7.67162625949290078e-01,-4.33626645997215870e-02, 1.25872903687990556e+00, 2.81019901557067039e-03,-7.90430791720152683e+01
 2.46810429882949101e-01, 9.40000000000873115e+00,-9.92819013240427567e-02,-2.90850928134424114e-08,-3.55690596293592121e-01,-1.62977018319398637e+00, 1.08562243891382182e+00, 1.65583003232786267e-03, 1.76125846637947767e-02,-1.05004058683860113e+00,-2.09522162263252008e-02, 7.67203227449282155e-01,-4.33452685935791157e-02, 1.25836438360461589e+00, 2.81433712768977898e-03,-7.90397889883108320e+01
 2.46766002205378587e-01, 9.45000000001164153e+00,-9.92813979393105672e-02,-2.90747533046463262e-08,-3.55894631901726821e-01,-1.62959527434686513e+00, 1.08679980512640140e+00, 1.65253108462334961e-03, 1.76228989236419074e-02,-1.05090474033577763e+00,-2.09517150282654240e-02, 7.67243834223891530e-01,-4.33278854606606589e-02, 1.25800011994288718e+00, 2.81847706413542636e-03,-7.90364983116864863e+01
 2.46721620190151619e-01, 9.50000000000000000e+00,-9.92808932918020637e-02,-2.90644286399323284e-08,-3.56098654155407202e-01,-1.62942032098248069e+00, 1.08797690868647945e+00, 1.64923720383384391e-03, 1.76331928965157946e-02,-1.05176916513978425e+00,-2.09512137543767102e-02, 7.67284446333477921e-01,-4.33105151574068453e-02, 1.25763624484655656e+00, 2.82261883112935050e-03,-7.90332071371980618e+01
 2.46677283712675360e-01, 9.55000000000291038e+00,-9.92803873817250659e-02,-2.90541188189240807e-08,-3.56302663337781766e-01,-1.62924532279976830e+00, 1.08915375119306868e+00, 1.64594838197832630e-03, 1.76434666285462220e-02,-1.05263386221762967e+00,-2.09507124039055893e-02, 7.67325063838431354e-01,-4.32931576402523846e-02, 1.25727275726724663e+00, 2.82676243490974626e-03,-7.90299154598985609e+01
 2.46632992648395694e-01, 9.60000000000582077e+00,-9.92798802092903360e-02,-2.90438238412552677e-08,-3.56506659732078124e-01,-1.62907027949779315e+00, 1.09033033424156045e+00, 1.64266461068251568e-03, 1.76537201657676265e-02,-1.05349883253524257e+00,-2.09502109760990214e-02, 7.67365686799100666e-01,-4.32758128656560437e-02, 1.25690965615700256e+00, 2.83090788172414825e-03,-7.90266232748438000e+01
 2.46588746872745623e-01, 9.65000000000873115e+00,-9.92793717747112447e-02,-2.90335437065576453e-08,-3.56710643621840073e-01,-1.62889519077555511e+00, 1.09150665942504310e+00, 1.63938588117514732e-03, 1.76639535541303384e-02,-1.05436407705847923e+00,-2.09497094702038311e-02, 7.67406315275842021e-01,-4.32584807900808707e-02, 1.25654694046786819e+00, 2.83505517783410547e-03,-7.90233305770887142e+01
 2.46544546471500453e-01, 9.70000000001164153e+00,-9.92788620707751313e-02,-2.90232784556241183e-08,-3.56914615429383242e-01,-1.62872005611043313e+00, 1.09268272958557588e+00, 1.63611233669430948e-03, 1.76741668604467259e-02,-1.05522959900137092e+00,-2.09492078849329473e-02, 7.67446949372256104e-01,-4.32411614221458046e-02, 1.25618461087622357e+00, 2.83920433236274031e-03,-7.90200373581829041e+01
 2.46500398126116405e-01, 9.75000000000000000e+00,-9.92783508572978590e-02,-2.90130294198683184e-08,-3.57118579921323731e-01,-1.62854486803089227e+00, 1.09385858679250969e+00, 1.63284890538570077e-03, 1.76843608076721268e-02,-1.05609547208120191e+00,-2.09487062022578122e-02, 7.67487590548145859e-01,-4.32238564055641289e-02, 1.25582272212273960e+00, 2.84335544375723592e-03,-7.90167434997576805e+01
 2.46456295236864048e-01, 9.80000000000291038e+00,-9.92778383631433003e-02,-2.90027953318184561e-08,-3.57322533118203167e-01,-1.62836963305751836e+00, 1.09503419408413438e+00, 1.62959089253843876e-03, 1.76945347959107761e-02,-1.05696162804029403e+00,-2.09482044378606104e-02, 7.67528237532380420e-01,-4.32065640914520085e-02, 1.25546122007854422e+00, 2.84750843060521544e-03,-7.90134491047763134e+01
 2.46412237692543196e-01, 9.85000000000582077e+00,-9.92773245880559096e-02,-2.89925761937189074e-08,-3.57526475313396208e-01,-1.62819435087519238e+00, 1.09620955311848300e+00, 1.62633829889718279e-03, 1.77046888719492625e-02,-1.05782806798486440e+00,-2.09477025909544090e-02, 7.67568890388022229e-01,-4.31892844396064707e-02, 1.25510010380514014e+00, 2.85166329939560547e-03,-7.90101541680721056e+01
 2.46368225381940698e-01, 9.90000000000873115e+00,-9.92768095317823757e-02,-2.89823720078118280e-08,-3.57730406800591982e-01,-1.62801902116872266e+00, 1.09738466555119407e+00, 1.62309112485693589e-03, 1.77148230824865048e-02,-1.05869479302102820e+00,-2.09472006607521292e-02, 7.67609549178140060e-01,-4.31720174098279078e-02, 1.25473937236401256e+00, 2.85582005663131229e-03,-7.90068586844773932e+01
 2.46324258193843543e-01, 9.95000000001164153e+00,-9.92762931940717186e-02,-2.89721827763401116e-08,-3.57934327873734526e-01,-1.62784364362289824e+00, 1.09855953303516740e+00, 1.61984937046421250e-03, 1.77249374741307968e-02,-1.05956180425454805e+00,-2.09466986464666924e-02, 7.67650213965798134e-01,-4.31547629619251569e-02, 1.25437902481673569e+00, 2.85997870882801061e-03,-7.90035626488245128e+01
 2.46280336017054263e-01, 1.00000000000000000e+01,-9.92757755747438880e-02,-2.89620085015287448e-08,-3.58138238827288291e-01,-1.62766821793069871e+00, 1.09973415717278122e+00, 1.61661303533829808e-03, 1.77350320925143586e-02,-1.06042910279172609e+00,-2.09461965473314443e-02, 7.67690884812399443e-01,-4.31375210559314243e-02, 1.25401906022510157e+00, 2.86413926237018973e-03,-7.90002660560799228e+01
 2.46236562649123136e-01, 1.00500000000029104e+01,-9.82582769604449235e-02,-3.40158540447578345e-08,-3.63263818414009676e-01,-1.50618893415769417e+00, 1.72741764900392036e+00, 2.79890534850418772e-03, 3.08659615795417903e-02,-1.07044572889579181e+00,-2.06442395839298021e-02, 7.91992091634673878e-01,-3.99849453518262635e-02, 1.25366032918622783e+00, 4.99731157546561087e-03,-7.70177310050334825e+01
 2.46193430045003464e-01, 1.01000000000058208e+01,-9.72572946019657214e-02,-4.50138629654603006e-08,-3.87206245237650293e-01,-1.38667485064305329e+00, 2.19804692804278012e+00, 3.94726202470137462e-03, 4.37613483919068319e-02,-1.14272995787061227e+00,-2.03471834363180004e-02, 8.15552912812589459e-01,-3.68590489295335944e-02, 1.25330686300346072e+00, 7.12608705338526379e-03,-7.50673728542068943e+01
 2.46151440691563028e-01, 1.01500000000087311e+01,-9.62672319355612760e-02,-6.02731611607763708e-08,-4.27213264885106081e-01,-1.26846065528181473e+00, 2.53229342250699796e+00, 5.06796280701684101e-03, 5.64897859844274083e-02,-1.28055492716297037e+00,-2.00533731514061335e-02, 8.38465641102115522e-01,-3.37449942835492817e-02, 1.25296277866841943e+00, 9.28318917113482231e-03,-7.31383258084498067e+01
 2.46111037303812563e-01, 1.02000000000116415e+01,-9.52827828511495362e-02,-8.04114449627702194e-08,-4.81925736615920863e-01,-1.15091526338462513e+00, 2.74954542896574905e+00, 6.16675973165683317e-03, 6.91155611857512536e-02,-1.48641487278964401e+00,-1.97612394008621697e-02, 8.60814685685563186e-01,-3.06281364630006936e-02, 1.25263170279863378e+00, 1.15018765017605527e-02,-7.12202862523402729e+01
 2.46072642483697840e-01, 1.02500000000000000e+01,-9.42990247143574850e-02,-1.06818917419946377e-07,-5.51143345401988505e-01,-1.03345317200839348e+00, 2.86769054605508567e+00, 7.24877680363030137e-03, 8.16973450764919007e-02,-1.76459733116050810e+00,-1.94693263694547467e-02, 8.82672637541605187e-01,-2.74944449131957688e-02, 1.25231709672861813e+00, 1.38164343149538883e-02,-6.93036958544806367e+01
 2.46036710826333604e-01, 1.03000000000029104e+01,-9.33110917779827048e-02,-1.41477868143318334e-07,-6.35650058424379050e-01,-9.15495967306991676e-01, 2.90309350378295061e+00, 8.31889599379905843e-03, 9.42922430413218049e-02,-2.12211976665055602e+00,-1.91761953605883197e-02, 9.04106119082542348e-01,-2.43295727091163531e-02, 1.25202268352985890e+00, 1.62637086283549913e-02,-6.73791086779520754e+01
 2.46003709477382426e-01, 1.03500000000058208e+01,-9.23144890763185205e-02,-1.86655642147445565e-07,-7.36805097616676896e-01,-7.96510191772448972e-01, 2.87056629788422502e+00, 9.38136406134262683e-03, 1.06951760743469279e-01,-2.56713013529502598e+00,-1.88805176869646860e-02, 9.25167697640642994e-01,-2.11199083123753198e-02, 1.25175228874036515e+00, 1.88828351772775405e-02,-6.54378010652145008e+01
 2.45974154689422603e-01, 1.04000000000087311e+01,-9.13048558436011931e-02,-2.45476829007787287e-07,-8.56696286469741053e-01,-6.75979330785805632e-01, 2.78346264019213407e+00, 1.04400421874935416e-02, 1.19724769391599026e-01,-3.10984555419417763e+00,-1.85810048327490797e-02, 9.45900306620758968e-01,-1.78518819737700160e-02, 1.25151013995059546e+00, 2.17165703595059503e-02,-6.34713131093412031e+01
 2.45948635357929157e-01, 1.04500000000116415e+01,-9.02778176473590932e-02,-3.22141940209424761e-07,-9.98083713056863719e-01,-5.53385813771630541e-01, 2.65372843952833826e+00, 1.14984922885629139e-02, 1.32659398486611096e-01,-3.76201999454906577e+00,-1.82763648094065867e-02, 9.66339423086035820e-01,-1.45115155867950336e-02, 1.25130105969404815e+00, 2.48124123851035557e-02,-6.14711621029716042e+01
 2.45927829357598993e-01, 1.05000000000000000e+01,-8.92289076571683437e-02,-4.21907684853032760e-07,-1.16436590949752450e+00,-4.28201014189263818e-01, 2.49195783271768878e+00, 1.25599141619418334e-02, 1.45804146652603328e-01,-4.53613462066151296e+00,-1.79652789475019600e-02, 9.86513604699787994e-01,-1.10841674279137329e-02, 1.25113059937173299e+00, 2.82235659445873310e-02,-5.94286901620593540e+01
 2.45912542501338621e-01, 1.05500000000029104e+01,-8.81534789328141805e-02,-5.51635077909985300e-07,-1.35987118578247945e+00,-2.99874574749948275e-01, 2.30745966509854705e+00, 1.36270036969213405e-02, 1.59209434804550548e-01,-5.44534765537593568e+00,-1.76463762060971863e-02, 1.00644503740577052e+00,-7.55423151219548807e-03, 1.25100535856700756e+00, 3.20100434163917841e-02,-5.73348955511074223e+01
 2.45903694646110837e-01, 1.06000000000058208e+01,-8.70467130845358483e-02,-7.19044062582104311e-07,-1.58936688056646735e+00,-1.67835524447596640e-01, 2.10834931960110339e+00, 1.47016203809778954e-02, 1.72927978253897219e-01,-6.50146185579410929e+00,-1.73182356284479651e-02, 1.02614821679798718e+00,-3.90511433322369419e-03, 1.25093287142646981e+00, 3.62392446632336732e-02,-5.51804488063410190e+01
 2.45902366171858788e-01, 1.06500000000087311e+01,-8.59035645237278961e-02,-9.32896934103877677e-07,-1.85827732184688799e+00,-3.14859868262655773e-02, 1.90163428997142847e+00, 1.57844225429264913e-02, 1.87016895990398613e-01,-7.71442607123311674e+00,-1.69793701847074201e-02, 1.04562988057969575e+00,-1.18995075312640193e-04, 1.25092198778776531e+00, 4.09867875294626649e-02,-5.29555866530200277e+01
 2.45909804761201140e-01, 1.07000000000116415e+01,-8.47188068067052519e-02,-1.20489058989839062e-06,-2.17314636222019963e+00, 1.09793028748516708e-01, 1.69331205026566600e+00, 1.68743361829509914e-02, 2.01539727674265284e-01,-9.09231500982039265e+00,-1.66282405609249340e-02, 1.06488729182967679e+00, 3.82311751994563517e-03, 1.25098292923315846e+00, 4.63366803164275559e-02,-5.06502025387825654e+01
 2.45927457884239226e-01, 1.07500000000000000e+01,-8.34870818824151595e-02,-1.55060801244238231e-06,-2.54117662651258724e+00, 2.56635497838022530e-01, 1.48845530442658425e+00, 1.79680456151115331e-02, 2.16570876726745354e-01,-1.06383842580252868e+01,-1.62632700121555229e-02, 1.08390694290528034e+00, 7.94134132902084462e-03, 1.25112755597724501e+00, 5.23806772063541010e-02,-4.82539441535351941e+01
 2.45956974259544631e-01, 1.08000000000029104e+01,-8.22029149510492274e-02,-1.99674929666587459e-06,-2.96960461055395308e+00, 4.09688484294978172e-01, 1.29127260377011743e+00, 1.90593595586719469e-02, 2.32199965971670863e-01,-1.23489723130741762e+01,-1.58828487737744523e-02, 1.10266433517739659e+00, 1.22570398684713425e-02, 1.25136937991057362e+00, 5.92183345758946766e-02,-4.57562423924740003e+01
 2.46000243354443981e-01, 1.08500000000058208e+01,-8.08609754844478446e-02,-2.66267257729365180e-06,-3.46490043392748204e+00, 5.69580869112283894e-01, 1.10518579639582470e+00, 2.01388366314292390e-02, 2.48546060436565353e-01,-1.42083965902315228e+01,-1.54854117412286559e-02, 1.12112093399841473e+00, 1.67921486567095997e-02, 1.25172388971111470e+00, 6.69525895783557867e-02,-4.31468213719099509e+01
 2.46059320517675068e-01, 1.09000000000087311e+01,-7.94564742335255036e-02,-3.95078588661558901e-06,-4.03099059195827358e+00, 7.36876201158852995e-01, 9.32889113846270046e-01, 2.11934009637769691e-02, 2.65772525983657193e-01,-1.61900970736649299e+01,-1.50695555480236699e-02, 1.13922127850636978e+00, 2.15680956741086047e-02, 1.25220793943972408e+00, 7.56865499360068333e-02,-4.04164671189861338e+01
 2.46136305586119930e-01, 1.09500000000116415e+01,-7.79855157745067695e-02,-5.61812709244979150e-06,-4.66769234602083305e+00, 9.12030974196242683e-01, 7.76364924206224272e-01, 2.22064089419229220e-02, 2.84113950411096994e-01,-1.82525734783168438e+01,-1.46341420930572851e-02, 1.15689318858512835e+00, 2.66048927600755318e-02, 1.25283875627810670e+00, 8.55192247685842566e-02,-3.75577072929380122e+01
 2.46233197234999174e-01, 1.10000000000000000e+01,-7.64456443639262850e-02,-6.65582287985375369e-06,-5.36788398534951927e+00, 1.09532994869656819e+00, 6.36898823778200507e-01, 2.31585890407244900e-02, 3.03917379159215961e-01,-2.03370225811029641e+01,-1.41784591759753775e-02, 1.17404815673346574e+00, 3.19195554685427207e-02, 1.25363274955878490e+00, 9.65397492628605192e-02,-3.45658658559967975e+01
 2.46351654041101098e-01, 1.10500000000029104e+01,-7.48364869516584541e-02,-7.48572302826458372e-06,-6.11507613150219154e+00, 1.28681017592321600e+00, 5.15090633312224155e-01, 2.40303049983338797e-02, 3.25693658364848093e-01,-2.23667784645932137e+01,-1.37024091935353028e-02, 1.19058375963893459e+00, 3.75241234101559365e-02, 1.25460355483982333e+00, 1.08821526236248051e-01,-3.14403019822399230e+01
 2.46492689495032530e-01, 1.11000000000058208e+01,-7.31604598041406678e-02,-8.32685835799332346e-06,-6.88225149666727720e+00, 1.48617764696859966e+00, 4.10876769859670921e-01, 2.48058933382999600e-02, 3.50169016166475167e-01,-2.42488111264904234e+01,-1.32067161739030884e-02, 1.20638833890131525e+00, 4.34232866890825672e-02, 1.25575953508923899e+00, 1.22417397061052882e-01,-2.81857693663692075e+01
 2.46656388981384839e-01, 1.11500000000087311e+01,-7.14233508668404848e-02,-9.19528859022310189e-06,-7.63332466231474172e+00, 1.69273869677151256e+00, 3.23573769231396524e-01, 2.54799329326694281e-02, 3.78311009621037919e-01,-2.58783254527174833e+01,-1.26930961639683919e-02, 1.22134885675821558e+00, 4.96121284505174967e-02, 1.25710145909748650e+00, 1.37359280946805079e-01,-2.48135349222840951e+01
 2.46841675533153088e-01, 1.12000000000116415e+01,-6.96347338905722729e-02,-1.02044127728143547e-05,-8.32744430053116957e+00, 1.90535132884670011e+00, 2.51963160041422773e-01, 2.60655369156902669e-02, 4.11274650592240443e-01,-2.71463575132858885e+01,-1.21643781509784554e-02, 1.23536029610887699e+00, 5.60740097196699080e-02, 1.25862057598411070e+00, 1.53669718660492671e-01,-2.13421727087293718e+01
 2.47046293003505918e-01, 1.12500000000000000e+01,-6.78079130945924841e-02,-1.15716214461532414e-05,-8.92468132894803112e+00, 2.12243185643293453e+00, 1.94413331008660151e-01, 2.65999390364732857e-02, 4.50268378207434761e-01,-2.79505122342778414e+01,-1.16244875645272888e-02, 1.24833648780372997e+00, 6.27795689004959079e-02, 1.26029846847232752e+00, 1.71377781957630065e-01,-1.77974556096050236e+01
 2.47266827101146086e-01, 1.13000000000029104e+01,-6.59595868939883145e-02,-1.39654116851543210e-05,-9.39182359411333501e+00, 2.34199496285416631e+00, 1.49040155483162406e-01, 2.71449625535786047e-02, 4.96359262949042201e-01,-2.82076473032981418e+01,-1.10783468136974924e-02, 1.26021818515909567e+00, 6.96862255142598613e-02, 1.26210721428085981e+00, 1.90529588182674819e-01,-1.42117022985124315e+01
 2.47498999975324208e-01, 1.13500000000058208e+01,-6.41089792397363800e-02,-1.90052920703506507e-05,-9.70587744707866840e+00, 2.56175642736142262e+00, 1.13872607686712646e-01, 2.77821312653253535e-02, 5.50227024539836407e-01,-2.78651843306253291e+01,-1.05316201804562370e-02, 1.27097865204603289e+00, 7.67392303936168946e-02, 1.26401179037636457e+00, 2.11193666622400078e-01,-1.06221023054177959e+01
 2.47738085410697195e-01, 1.14000000000087311e+01,-6.22763509756964553e-02,-3.14261606458243005e-05,-9.85563083822745511e+00, 2.77930945792459427e+00, 8.69992406881078401e-02, 2.86039624358933840e-02, 6.11980373903154518e-01,-2.69099086886365519e+01,-9.99027587766160644e-03, 1.28062627289387687e+00, 8.38750509172257047e-02, 1.26597346940218292e+00, 2.33458280992279277e-01,-7.06784065539874984e+00
 2.47979146801346556e-01, 1.14500000000116415e+01,-6.04818593351300129e-02,-7.02222134287301127e-05,-9.84022929240688882e+00, 2.99226012410436759e+00, 6.66876485719865575e-02, 2.97064597886978095e-02, 6.81227294887821411e-01,-2.53714013682058237e+01,-9.46024988429132983e-03, 1.28919984071626081e+00, 9.10238831811260724e-02, 1.26795176655168063e+00, 2.57431143421972763e-01,-3.58789073808355496e+00
 2.48217345223753300e-01, 1.15000000000000000e+01,-5.87441638254948828e-02,-2.12763537144161272e-04,-9.66764772540065564e+00, 3.19839285740114221e+00, 5.14490210298195055e-02, 3.11854924422700491e-02, 7.57185369644864159e-01,-2.33194291766130704e+01,-8.94703513927060795e-03, 1.29676275127173635e+00, 9.81138886890222661e-02, 1.26990696581071405e+00, 2.83242736411613516e-01,-2.18317109923548525e-01
 2.48448174683701561e-01, 1.15500000000029104e+01,-5.70793299578314234e-02,-7.81810528365116495e-04,-9.35291684158693570e+00, 3.39580068176033079e+00, 4.00602218832082080e-02, 3.31294184406063438e-02, 8.38822962560899943e-01,-2.08555869321335159e+01,-8.45535842852942685e-03, 1.30339530255943803e+00, 1.05075323224087622e-01, 1.27180205297758686e+00, 3.11045483186508875e-01, 3.00984594300481412e+00
 2.48667675470133132e-01, 1.16000000000058208e+01,-5.54998789164732470e-02,-2.65976080555712247e-03,-8.91608785248709346e+00, 3.58299810344274361e+00, 3.15515955654517427e-02, 3.56019067335168124e-02, 9.25021885212651163e-01,-1.81007962395327340e+01,-7.98890034303605806e-03, 1.30918777775544837e+00, 1.11845215478568821e-01, 1.27360447252577735e+00, 3.41008235479602795e-01, 6.07243305448190895e+00
 2.48872560309720575e-01, 1.16500000000087311e+01,-5.40144459404604260e-02,-7.63801587494422098e-03,-8.38040338119292905e+00, 3.75896163459892829e+00, 2.51769601141970147e-02, 3.86209833717436196e-02, 1.01467738709139033e+00,-1.51819198342073882e+01,-7.55019497465238710e-03, 1.31423362231704832e+00, 1.18370481752474555e-01, 1.27528717095005129e+00, 3.73306480286742959e-01, 8.95280633716722107e+00
 2.49060315233127716e-01, 1.17000000000116415e+01,-5.26277230223927556e-02,-1.83940805110060952e-02,-7.77044838675122218e+00, 3.92313642825107189e+00, 2.03745368059445979e-02, 4.21440030060748413e-02, 1.10677407892187452e+00,-1.22196200310753689e+01,-7.14061368586159980e-03, 1.31862459242817875e+00, 1.24610400200634297e-01, 1.27682943346783251e+00, 4.08109602228418744e-01, 1.16419619444198990e+01
 2.49229242215802227e-01, 1.17500000000000000e+01,-5.13407163754933393e-02,-3.76005778005232272e-02,-7.11040055396838078e+00, 4.07540547315525892e+00, 1.67279759208701605e-02, 4.60693298534396306e-02, 1.20042778901438107e+00,-9.31899684689277130e+00,-6.76044172589674360e-03, 1.32244746261919444e+00, 1.30537910142936531e-01, 1.27821724246140245e+00, 4.45567711162986602e-01, 1.41380270378180999e+01
 2.49378423670236465e-01, 1.18000000000029104e+01,-5.01512950686221204e-02,-6.65106753368745890e-02,-6.42256482461752221e+00, 4.21602423343204435e+00, 1.39320253389451851e-02, 5.02571698417352900e-02, 1.29490140286377242e+00,-6.56415587740711359e+00,-6.40904054657339545e-03, 1.32578189914653888e+00, 1.36139426673567016e-01, 1.27944299286755769e+00, 4.85799913906188374e-01, 1.64451940828812226e+01
 2.49507606187084119e-01, 1.18500000000058208e+01,-4.90548972969421307e-02,-1.03865085106642788e-01,-5.72630465748987838e+00, 4.34553668262214998e+00, 1.17643167251391435e-02, 5.45602194418893585e-02, 1.38960350783745290e+00,-4.01641535476154399e+00,-6.08505621966440226e-03, 1.32869934097416120e+00, 1.41413467532428033e-01, 1.28050454226584609e+00, 5.28885942202396264e-01, 1.85723524595284815e+01
 2.49617032225844721e-01, 1.19000000000087311e+01,-4.80452562414058551e-02,-1.45847456219373589e-01,-5.03742701090964484e+00, 4.46468912861735578e+00, 1.00632656471081779e-02, 5.88490425495724612e-02, 1.48407728625788682e+00,-1.71532312358506389e+00,-5.78663326265866241e-03, 1.33126269809711584e+00, 1.46368595063731566e-01, 1.28140383111573763e+00, 5.74862184301509149e-01, 2.05316845631364409e+01
 2.49707250333347119e-01, 1.19500000000116415e+01,-4.71150969525031826e-02,-1.86935641644148304e-01,-4.36801954724856500e+00, 4.57434754739770977e+00, 8.71142270194314242e-03, 6.30260048015855029e-02, 1.57798219138599860e+00, 3.18491906225585153e-01,-5.51161971638087275e-03, 1.33352652212773926e+00, 1.51020901653760392e-01, 1.28214532457665009e+00, 6.23721855400708902e-01, 2.23373193425638803e+01
 2.49778946025675519e-01, 1.20000000000000000e+01,-4.62567313861114368e-02,-2.21193650746476234e-01,-3.72665384638098995e+00, 4.67542700538849498e+00, 7.62319359474752066e-03, 6.70275690090000043e-02, 1.67107264898031160e+00, 2.07959174359477839e+00,-5.25774220139688369e-03, 1.33553751143462351e+00, 1.55391472166312855e-01, 1.28273462269178107e+00, 6.75418415422500362e-01, 2.40041829460994869e+01
 2.49844589688836743e-01, 1.20500000000029104e+01,-4.64511785580537170e-02,-3.03223138345865895e-01,-3.86758232061498353e+00, 4.65117584581434595e+00, 7.85997192255867214e-03, 7.59540818916033256e-02, 1.73123544019178532e+00, 1.60853717074759817e+00,-5.31589448085417748e-03, 1.33508333504360177e+00, 1.54381084701557980e-01, 1.28327420638131295e+00, 7.14866216352662232e-01, 2.36223771052155165e+01
 2.49916243883917311e-01, 1.21000000000058208e+01,-4.66307665007681740e-02,-3.93217117128523086e-01,-3.98534394746139231e+00, 4.62869452268181991e+00, 8.08545496831150450e-03, 8.49347709476398621e-02, 1.78979412193629539e+00, 1.19366447108300489e+00,-5.36968904011908815e-03, 1.33465981423294089e+00, 1.53449467043197590e-01, 1.28386322847666579e+00, 7.52704767913054629e-01, 2.32691824045640132e+01
 2.49993693176738946e-01, 1.21500000000087311e+01,-4.67971666451042489e-02,-4.88459888269329734e-01,-4.08372801248606976e+00, 4.60778281516480792e+00, 8.30044146266937198e-03, 9.39552573870041929e-02, 1.84679702911511234e+00, 8.32090011650648775e-01,-5.41961960351339603e-03, 1.33426377364800630e+00, 1.52587311857605323e-01, 1.28449992633037913e+00, 7.89051214385253052e-01, 2.29413572372535093e+01
 2.50076558049699249e-01, 1.22000000000116415e+01,-4.69520388512272430e-02,-5.86452522539488652e-01,-4.16607074592017224e+00, 4.58824263707380631e+00, 8.50596720322483249e-03, 1.03005571523373501e-01, 1.90228999688839062e+00, 5.19795638689058648e-01,-5.46617518157638000e-03, 1.33389192373996712e+00, 1.51785576149621376e-01, 1.28518118846542961e+00, 8.24010895139909660e-01, 2.26356909453030752e+01
 2.50164465266280389e-01, 1.22500000000000000e+01,-4.70968947087403722e-02,-6.85098937952842268e-01,-4.23511411771277491e+00, 4.56989382042962333e+00, 8.70310656899619256e-03, 1.12078452122629652e-01, 1.95631189476433986e+00, 2.52296132528561978e-01,-5.50980088431882696e-03, 1.33354119298761331e+00, 1.51036120069867108e-01, 1.28590395478913710e+00, 8.57672392938857109e-01, 2.23492611049738379e+01
 2.50257051411070797e-01, 1.23000000000029104e+01,-4.72331148593353387e-02,-7.82710087760570827e-01,-4.29315325688893701e+00, 4.55257199316357930e+00, 8.89295873183421938e-03, 1.21169049620589178e-01, 2.00889600421229853e+00, 2.49630340057362052e-02,-5.55090308423413989e-03, 1.33320870997496987e+00, 1.50331588671075267e-01, 1.28666524558934947e+00, 8.90111105984397910e-01, 2.20793996283936806e+01
 2.50353964047939526e-01, 1.23500000000058208e+01,-4.73619471897089028e-02,-8.77994128638157623e-01,-4.34210327789537676e+00, 4.53612875804131743e+00, 9.07661317301825150e-03, 1.30274476343045537e-01, 2.06007129020363777e+00,-1.66737394744752104e-01,-5.58984889010175675e-03, 1.33289182736550771e+00, 1.49665396784988330e-01, 1.28746217097047166e+00, 9.21391413414532789e-01, 2.18236962183646810e+01
 2.50454866545639143e-01, 1.24000000000087311e+01,-4.74845019617900765e-02,-9.70038431328552941e-01,-4.38353885370596874e+00, 4.52043223045170173e+00, 9.25511371561553962e-03, 1.39393313453655548e-01, 2.10986370090475361e+00,-3.27080456799903718e-01,-5.62696474148582319e-03, 1.33258815067800507e+00, 1.49031732487678703e-01, 1.28829197046949240e+00, 9.51568324140351418e-01, 2.15800075963524520e+01
 2.50559440981246273e-01, 1.24500000000116415e+01,-4.76017646810674780e-02,-1.05823299545442651e+00,-4.41877331574761278e+00, 4.50536546580629693e+00, 9.42945059109513706e-03, 1.48525324078509491e-01, 2.15829690178412159e+00,-4.60007483165036368e-01,-5.66254024604969080e-03, 1.33229552197162326e+00, 1.48425474845052724e-01, 1.28915203689588487e+00, 9.80689421164630981e-01, 2.13464323081325986e+01
 2.50667387740418302e-01, 1.25000000000000000e+01,-4.77146056103300784e-02,-1.14221237699832434e+00,-4.44890206748412709e+00, 4.49082530429274573e+00, 9.60055196241596000e-03, 1.57671172601775961e-01, 2.20539292328266745e+00,-5.69090818872388771e-01,-5.69683099660793762e-03, 1.33201200913840068e+00, 1.47842132505392382e-01, 1.29003991302744492e+00, 1.00879621659914065e+00, 2.11212922280941413e+01
 2.50778453859027028e-01, 1.25500000000029104e+01,-4.78237869554403658e-02,-1.22181015173776197e+00,-4.47483228480128048e+00, 4.47672140691944254e+00, 9.76927659142230731e-03, 1.66832161862966205e-01, 2.25117272789305511e+00,-6.57524245482477676e-01,-5.73006092214593636e-03, 1.33173589690611927e+00, 1.47277791754138604e-01, 1.29095352475005765e+00, 1.03592519842406183e+00, 2.09031171233355266e+01
 2.50892360950148552e-01, 1.26000000000058208e+01,-4.79299740796220869e-02,-1.29701202996304055e+00,-4.49731469310994303e+00, 4.46297512826565423e+00, 9.93641149079747300e-03, 1.76010023918135666e-01, 2.29565663062376579e+00,-7.28134648355269420e-01,-5.76242504979060811e-03, 1.33146567268048432e+00, 1.46729063307299706e-01, 1.29189058823000558e+00, 1.06210876829297018e+00, 2.06906265196107917e+01
 2.51008860810530199e-01, 1.26500000000087311e+01,-4.80337440773304092e-02,-1.36791520498279873e+00,-4.51697126256951798e+00, 4.44951830595578990e+00, 1.01026733738271129e-02, 1.85206760228747352e-01, 2.33886458877946568e+00,-7.83406916402325737e-01,-5.79409248013013772e-03, 1.33120000905154945e+00, 1.46193022732629435e-01, 1.29284906728524973e+00, 1.08737602504742181e+00, 2.04827101665072462e+01
 2.51127767317190831e-01, 1.27000000000116415e+01,-4.81355939205494743e-02,-1.43469502629624435e+00,-4.53431631611832220e+00, 4.43629217817024735e+00, 1.02687108633019077e-02, 1.94424505851787499e-01, 2.38081643106256813e+00,-8.25513447063189298e-01,-5.82520904996870325e-03, 1.33093774758182293e+00, 1.45667158394671731e-01, 1.29382743591483074e+00, 1.11175339197376277e+00, 2.02784105548064986e+01
 2.51248896666212806e-01, 1.27500000000000000e+01,-4.82359509550540494e-02,-1.49757798890123395e+00,-4.54977489918557065e+00, 4.42324631006975810e+00, 1.04351086093506119e-02, 2.03665428871720511e-01, 2.42153200231057220e+00,-8.56346858653625698e-01,-5.85589997761463109e-03, 1.33067788164362488e+00, 1.45149324194593810e-01, 1.29482418671594401e+00, 1.13526513599199874e+00, 2.00769055485243655e+01
 2.51372071121535756e-01, 1.28000000000029104e+01,-4.83351804865563422e-02,-1.55682217238629361e+00,-4.56369713549043166e+00, 4.41033766962692564e+00, 1.06023911492286061e-02, 2.12931643988806846e-01, 2.46103127883579198e+00,-8.77551087594705015e-01,-5.88627214082827321e-03, 1.33041954143680274e+00, 1.44637697156435235e-01, 1.29583786172120563e+00, 1.15793377914675610e+00, 1.98774934287678917e+01
 2.51497139917239543e-01, 1.28500000000058208e+01,-4.84335928960942450e-02,-1.61270080655510872e+00,-4.57637127665443355e+00, 4.39752970732340742e+00, 1.07710281612377508e-02, 2.22225156315808720e-01, 2.49933441876610329e+00,-8.90552387561292402e-01,-5.91641634848221430e-03, 1.33016197830305827e+00, 1.44130735259888010e-01, 1.29686722444304725e+00, 1.17978044423242712e+00, 1.96795779788748888e+01
 2.51623972084080993e-01, 1.29000000000087311e+01,-4.85314500678155902e-02,-1.66549103910099650e+00,-4.58803351845342977e+00, 4.38479160693187264e+00, 1.09414386085701712e-02, 2.31547808559427998e-01, 2.53646181036352347e+00,-8.96586229351306940e-01,-5.94640918973478490e-03, 1.32990455199914459e+00, 1.43627143988699524e-01, 1.29791120091407786e+00, 1.20082512393937235e+00, 1.94826563434410289e+01
 2.51752446326473811e-01, 1.29500000000116415e+01,-4.86289719390191957e-02,-1.71546517563180090e+00,-4.59887704939508613e+00, 4.37209753189934336e+00, 1.11139959675781164e-02, 2.40901253682448913e-01, 2.57243406907058025e+00,-8.96722976197348309e-01,-5.97631489667781613e-03, 1.32964671733399431e+00, 1.43125843290909271e-01, 1.29896879641623952e+00, 1.22108690444520596e+00, 1.92863067988802079e+01
 2.51882455820972240e-01, 1.30000000000000000e+01,-4.87263413195565334e-02,-1.76288513881241871e+00,-4.60905883315838327e+00, 4.35942603214440272e+00, 1.12890320718963249e-02, 2.50286924967776658e-01, 2.60727204611905305e+00,-8.91889214317580947e-01,-6.00618681003403914e-03, 1.32938801376920646e+00, 1.42625941027034436e-01, 1.30003913501575696e+00, 1.24058413834038239e+00, 1.90901791302105366e+01
 2.52013944047528693e-01, 1.30500000000029104e+01,-4.88237079262808099e-02,-1.80799838759175246e+00,-4.61870589555488031e+00, 4.34675944842071793e+00, 1.14668417194464106e-02, 2.59706026012974323e-01, 2.64099679984443236e+00,-8.82887621169993198e-01,-6.03606885281173736e-03, 1.32912805458803440e+00, 1.42126705464096809e-01, 1.30112175464742985e+00, 1.25933458584261060e+00, 1.88939849555961423e+01
 2.52146787991767263e-01, 1.31000000000058208e+01,-4.89211953832288382e-02,-1.85103537472874602e+00,-4.62792012019674548e+00, 4.33408343998371492e+00, 1.16476861237295760e-02, 2.69159517651446967e-01, 2.67362957873849671e+00,-8.70413319217138270e-01,-6.06599669865446039e-03, 1.32886651839223546e+00, 1.41627548865566777e-01, 1.30221564550626212e+00, 1.27735552346344794e+00, 1.86974900554053640e+01
 2.52280882543656437e-01, 1.31500000000087311e+01,-4.90189030329985231e-02,-1.89221015793912728e+00,-4.63678274680922176e+00, 4.32138650317662520e+00, 1.18317970449900878e-02, 2.78648122278691013e-01, 2.70519177473029115e+00,-8.55069023662482941e-01,-6.09599896426908910e-03, 1.32860314012346037e+00, 1.41128003410233016e-01, 1.30331994484594160e+00, 1.29466382989171658e+00, 1.85005065431798563e+01
 2.52416222359644449e-01, 1.32000000000116415e+01,-4.91169065968032267e-02,-1.93171741855965418e+00,-4.64535750526386160e+00, 4.30865963623910808e+00, 1.20193791908761137e-02, 2.88172315156270509e-01, 2.73570490672740485e+00,-8.37376703347050055e-01,-6.12609803885535206e-03, 1.32833770502910675e+00, 1.40627703323590370e-01, 1.30443461130188454e+00, 1.31127605144873050e+00, 1.83028874199144056e+01
 2.52552733107428262e-01, 1.32500000000000000e+01,-4.92152656636033678e-02,-1.96973411410213539e+00,-4.65369377317202915e+00, 4.29589597163771320e+00, 1.22106134913748561e-02, 2.97732333312966391e-01, 2.76519057340484808e+00,-8.17788732109359318e-01,-6.15631099553291036e-03, 1.32807004172514365e+00, 1.40126375354474586e-01, 1.30555903521387173e+00, 1.32720845164174506e+00, 1.81045205899720436e+01
 2.52690366186926640e-01, 1.33000000000029104e+01,-4.93140237371193224e-02,-2.00642006239658244e+00,-4.66182906645188400e+00, 4.28309047424470801e+00, 1.24056597279093624e-02, 3.07328182943299555e-01, 2.79367041410661132e+00,-7.96697110980968071e-01,-6.18665033964458776e-03, 1.32780001651902957e+00, 1.39623822121533764e-01, 1.30669281866127118e+00, 1.34247704761994835e+00, 1.79053239480083484e+01
 2.52829076025157473e-01, 1.33500000000058208e+01,-4.94132110373472835e-02,-2.04191874882180668e+00,-4.66979112654034800e+00, 4.27023967755797695e+00, 1.26046588750507137e-02, 3.16959648519891612e-01, 2.82116607019216747e+00,-7.74441346079331017e-01,-6.21712466307946729e-03, 1.32752752841728650e+00, 1.39119911580908445e-01, 1.30783558850096981e+00, 1.35709763590614907e+00, 1.77052410829339166e+01
 2.52968824900669020e-01, 1.34000000000087311e+01,-4.95128460475996804e-02,-2.07635804994105388e+00,-4.67759950534030722e+00, 4.25734148374724075e+00, 1.28077346734427559e-02, 3.26626296584686338e-01, 2.84769915957828168e+00,-7.51314974382478185e-01,-6.24773914008864509e-03, 1.32725250542284479e+00, 1.38614568153701045e-01, 1.30898703613064304e+00, 1.37108581220771275e+00, 1.75042380225758727e+01
 2.53109577125416485e-01, 1.34500000000116415e+01,-4.96129374325929365e-02,-2.10985148122576760e+00,-4.68526710562825421e+00, 4.24439495286719648e+00, 1.30149955987834080e-02, 3.36327488659664386e-01, 2.87329123788606955e+00,-7.27571543216324668e-01,-6.27849605075023881e-03, 1.32697490048112687e+00, 1.38107763904560865e-01, 1.31014686957501580e+00, 1.38445698236728565e+00, 1.73022997968049204e+01
 2.53251304271282562e-01, 1.35000000000000000e+01,-4.97134856765597058e-02,-2.14249971091057745e+00,-4.69280162464615280e+00, 4.23140009134077921e+00, 1.32265370883177316e-02, 3.46062401125977637e-01, 2.89796375062403522e+00,-7.03429978731829442e-01,-6.30939530686010046e-03, 1.32669468729237483e+00, 1.37599509348400151e-01, 1.31131485656761915e+00, 1.39722636654455479e+00, 1.70994269847360698e+01
 2.53393981029355453e-01, 1.35500000000029104e+01,-4.98144844682825230e-02,-2.17439172237359157e+00,-4.70020657474049131e+00, 4.21835769974417296e+00, 1.34424429940328063e-02, 3.55830038034980978e-01, 2.92173800141508933e+00,-6.79078853980100705e-01,-6.34043483038834992e-03, 1.32641185735385791e+00, 1.37089847108339685e-01, 1.31249079045111405e+00, 1.40940900028778793e+00, 1.68956332299264282e+01
 2.53537584088384504e-01, 1.36000000000058208e+01,-4.99159216545062914e-02,-2.20560569964382269e+00,-4.70748201980817083e+00, 4.20526926262979117e+00, 1.36627864715109931e-02, 3.65629238740368401e-01, 2.94463513163290447e+00,-6.54679888941380517e-01,-6.37161082738241322e-03, 1.32612641787896379e+00, 1.36578847220337002e-01, 1.31367448094451733e+00, 1.42101973470380361e+00, 1.66909434420316032e+01
 2.53682086960190956e-01, 1.36500000000087311e+01,-5.00177802965980703e-02,-2.23621004328427953e+00,-4.71462527735229209e+00, 4.19213683870501086e+00, 1.38876309872968222e-02, 3.75458689111681454e-01, 2.96667609609218585e+00,-6.30371183576592387e-01,-6.40291806126496669e-03, 1.32583838966345691e+00, 1.36066602660465302e-01, 1.31486571149125520e+00, 1.43207323421424304e+00, 1.64853920024348461e+01
 2.53827468406455481e-01, 1.37000000000116415e+01,-5.01200393993156273e-02,-2.26626441549818658e+00,-4.72163160024733131e+00, 4.17896294804233737e+00, 1.41170315161860821e-02, 3.85316937058412912e-01, 2.98788163355103942e+00,-6.06270219435659175e-01,-6.43435013384383112e-03, 1.32554780481923462e+00, 1.35553224258972066e-01, 1.31606430872316249e+00, 1.44258397143335904e+00, 1.62790209192426083e+01
 2.53973698352686850e-01, 1.37500000000000000e+01,-5.02226750946980979e-02,-2.29582088120129457e+00,-4.72849473524267960e+00, 4.16575047487636674e+00, 1.43510355998527836e-02, 3.95202407667483491e-01, 3.00827224014438022e+00,-5.82476435776847934e-01,-6.46589972769257091e-03, 1.32525470480180330e+00, 1.35038837184742355e-01, 1.31727002633194612e+00, 1.45256622051815532e+00, 1.60718782359052916e+01
 2.54120757115086471e-01, 1.38000000000029104e+01,-5.03256607767931519e-02,-2.32492456434173356e+00,-4.73520733697906060e+00, 4.15250259223783047e+00, 1.45896841270404965e-02, 4.05113415727333559e-01, 3.02786814923899250e+00,-5.59073368056142272e-01,-6.49755879422012159e-03, 1.32495913888767047e+00, 1.34523577016273654e-01, 1.31848270358781550e+00, 1.46203405048113466e+00, 1.58640167964232841e+01
 2.54268658180230755e-01, 1.38500000000058208e+01,-5.04289670479871263e-02,-2.35361403037878514e+00,-4.74176130425166065e+00, 4.13922269828520673e+00, 1.48330119942113470e-02, 4.15048177449389710e-01, 3.04668931396786302e+00,-5.36130513857390856e-01,-6.52931871270099641e-03, 1.32466116287901792e+00, 1.34007586146281943e-01, 1.31970245325869784e+00, 1.47100131836655135e+00, 1.56554932012149184e+01
 2.54417429893009528e-01, 1.39000000000087311e+01,-5.05325627083191911e-02,-2.38192199882019517e+00,-4.74814808672611743e+00, 4.12591435559788433e+00, 1.50810488006938703e-02, 4.25004823336046333e-01, 3.06475538918882906e+00,-5.13705034142234451e-01,-6.56117044205988941e-03, 1.32436083783713010e+00, 1.33491011983798508e-01, 1.32092951070770526e+00, 1.47948166173321338e+00, 1.54463668105561993e+01
 2.54566943945362778e-01, 1.39500000000116415e+01,-5.06364196115157497e-02,-2.40987812347034058e+00,-4.75435892427227014e+00, 4.11258124250350576e+00, 1.53338193978972918e-02, 4.34981409717557055e-01, 3.08208571764314287e+00,-4.91843293010190419e-01,-6.59310464267430160e-03, 1.32405822906124548e+00, 1.32974011978009871e-01, 1.32216281912463307e+00, 1.48748849281576745e+00, 1.52366989448709482e+01
 2.54717237693545373e-01, 1.40000000000000000e+01,-5.07405046480680008e-02,-2.43750649722901080e+00,-4.76038502994437707e+00, 4.09922711266573536e+00, 1.55913443488920316e-02, 4.44975929586462926e-01, 3.09869931867579762e+00,-4.70582166413592962e-01,-6.62511177763054366e-03, 1.32375340523115259e+00, 1.32456738819944242e-01, 1.32340268799232130e+00, 1.49503499294739028e+00, 1.50265522199222001e+01
 2.54868269256379398e-01, 1.40500000000029104e+01,-5.08447864517845086e-02,-2.46482798897355915e+00,-4.76621776974530942e+00, 4.08585575304328419e+00, 1.58536404893483765e-02, 4.54986324653512575e-01, 3.11461487455367747e+00,-4.49950208734714308e-01,-6.65718221820015259e-03, 1.32344643748153468e+00, 1.31939348730753803e-01, 1.32464877313125107e+00, 1.50213410530590474e+00, 1.48159898542940152e+01
 2.55020069355523127e-01, 1.41000000000058208e+01,-5.09492317298720285e-02,-2.49185961353884888e+00,-4.77184878746759011e+00, 4.07247095281453131e+00, 1.61207213341094946e-02, 4.65010495595927220e-01, 3.12985072134519493e+00,-4.29968702150826443e-01,-6.68930632193779663e-03, 1.32313739871032388e+00, 1.31421993966314848e-01, 1.32590132931215487e+00, 1.50879852977540785e+00, 1.46050751566302353e+01
 2.55172634814120725e-01, 1.41500000000087311e+01,-5.10538082484970068e-02,-2.51861561090097608e+00,-4.77727010276764474e+00, 4.05907647664644067e+00, 1.63925974493585695e-02, 4.75046311898982498e-01, 3.14442484124039767e+00,-4.10652577756652981e-01,-6.72147449996714566e-03, 1.32282636296884815e+00, 1.30904826144102066e-01, 1.32716033165000646e+00, 1.51504071832790554e+00, 1.43938710838609030e+01
 2.55325920679564333e-01, 1.42000000000116415e+01,-5.11584852270401610e-02,-2.54510825493816162e+00,-4.78247418776022482e+00, 4.04567604196699548e+00, 1.66692767910898640e-02, 4.85091621150794183e-01, 3.15835485622666923e+00,-3.92011239657059252e-01,-6.75367727430000158e-03, 1.32251340492853942e+00, 1.30387995720613298e-01, 1.32842541044362061e+00, 1.52087287100348978e+00, 1.41824398648666001e+01
 2.55479912034934364e-01, 1.42500000000000000e+01,-5.12632316240029182e-02,-2.57134748082650599e+00,-4.78745401486368838e+00, 4.03227330218775482e+00, 1.69507649602393708e-02, 4.95144257181579395e-01, 3.17165802440716282e+00,-3.74049296485233496e-01,-6.78590532028445440e-03, 1.32219859947508667e+00, 1.29871648352780450e-01, 1.32969644375341978e+00, 1.52630693321689237e+00, 1.39708427217799276e+01
 2.55634619280947883e-01, 1.43000000000029104e+01,-5.13680164080246859e-02,-2.59734096676575188e+00,-4.79220310333386479e+00, 4.01887182949755140e+00, 1.72370655054508923e-02, 5.05202048553692884e-01, 3.18435123567038847e+00,-3.56767214401021104e-01,-6.81814951016652092e-03, 1.32188202127744048e+00, 1.29355924414217338e-01, 1.33097351858158075e+00, 1.53135459282814002e+00, 1.37591395839762622e+01
 2.55790016985641688e-01, 1.43500000000058208e+01,-5.14728102630267609e-02,-2.62309513127878891e+00,-4.79671555359847623e+00, 4.00547510011425612e+00, 1.75281802110970573e-02, 5.15262826581120104e-01, 3.19645100824313477e+00,-3.40161899133257895e-01,-6.85040095052628917e-03, 1.32156374440254920e+00, 1.28840961033934137e-01, 1.33225642611914763e+00, 1.53602727773391345e+00, 1.35473888422822331e+01
 2.55946095355067516e-01, 1.44000000000087311e+01,-5.15775843333516407e-02,-2.64861479296320068e+00,-4.80098605537084833e+00, 3.99208648567473601e+00, 1.78241092808747101e-02, 5.25324431823781968e-01, 3.20797348836683849e+00,-3.24227211799554438e-01,-6.88265100433490661e-03, 1.32124384206971590e+00, 1.28326889623451679e-01, 1.33354508658206994e+00, 1.54033615512190436e+00, 1.33356472041578815e+01
 2.56102830315196317e-01, 1.44500000000116415e+01,-5.16823110355165843e-02,-2.67390397461641260e+00,-4.80500987943262814e+00, 3.97870924869472331e+00, 1.81248514512222965e-02, 5.35384719465489822e-01, 3.21893445211597884e+00,-3.08954425376788910e-01,-6.91489130280614154e-03, 1.32092238649813676e+00, 1.27813837016203913e-01, 1.33483930222103497e+00, 1.54429213192143533e+00, 1.31239696158838051e+01
 2.56260255950895133e-01, 1.45000000000000000e+01,-5.17869623489447192e-02,-2.69896450714677716e+00,-4.80878292252020234e+00, 3.96534652428195278e+00, 1.84304044522806167e-02, 5.45441568446323521e-01, 3.22934929935637394e+00,-2.94332640412973967e-01,-6.94711379176053169e-03, 1.32059944840186350e+00, 1.27301921665398360e-01, 1.33613935550727803e+00, 1.54790585166546002e+00, 1.29124089581517172e+01
 2.56418347676790559e-01, 1.45500000000029104e+01,-5.18915127485168395e-02,-2.72379841860482141e+00,-4.81230164482290590e+00, 3.95200132945844507e+00, 1.87407648465878381e-02, 5.55492882881061578e-01, 3.23923306300628377e+00,-2.80349138689991340e-01,-6.97931070870441445e-03, 1.32027509716795266e+00, 1.26791259092830150e-01, 1.33744504443214018e+00, 1.55118769881553620e+00, 1.27010161965548480e+01
 2.56577076456932285e-01, 1.46000000000058208e+01,-5.19959379074979716e-02,-2.74840675976021842e+00,-4.81556309011669015e+00, 3.93867655136441552e+00, 1.90559283781963490e-02, 5.65536599207295709e-01, 3.24860040648905457e+00,-2.66989709383685769e-01,-7.01147461290081275e-03, 1.31994940050153042e+00, 1.26281959161723967e-01, 1.33875613012934713e+00, 1.55414779773556955e+00, 1.24898401841538949e+01
 2.56736422687396160e-01, 1.46500000000087311e+01,-5.21002143449477220e-02,-2.77279006793525173e+00,-4.81856486219794267e+00, 3.92537494691834610e+00, 1.93758900707526292e-02, 5.75570689997941587e-01, 3.25746562756298408e+00,-2.54238931902029008e-01,-7.04359838668743628e-03, 1.31962242435266019e+00, 1.25774125508494289e-01, 1.34007245154296917e+00, 1.55679601477247442e+00, 1.22789276528235334e+01
 2.56896371263261536e-01, 1.47000000000116415e+01,-5.22043195318058345e-02,-2.79694828830649778e+00,-4.82130509104150917e+00, 3.91209914551113824e+00, 1.97006442584981185e-02, 5.85593166674566401e-01, 3.26584266392657119e+00,-2.42080424962261481e-01,-7.07567522915840408e-03, 1.31929423291894632e+00, 1.25267855907646497e-01, 1.34139388471087151e+00, 1.55914196145143724e+00, 1.20683232547358479e+01
 2.57056914698121863e-01, 1.47500000000000000e+01,-5.23082318493752890e-02,-2.82088078942684017e+00,-4.82378242660374923e+00, 3.89885164467362166e+00, 2.00301848036257106e-02, 5.95602084071352400e-01, 3.27374509482442466e+00,-2.30497069437300417e-01,-7.10769866748069828e-03, 1.31896488846620330e+00, 1.24763242009508751e-01, 1.34272036856006993e+00, 1.56119499589191468e+00, 1.18580694880607354e+01
 2.57218050710269042e-01, 1.48000000000029104e+01,-5.24119306369186452e-02,-2.84458648701538941e+00,-4.82599601002912326e+00, 3.88563481200535321e+00, 2.03645051689154699e-02, 6.05595542972629408e-01, 3.28118614626336491e+00,-2.19471200833391805e-01,-7.13966255247493273e-03, 1.31863445130657131e+00, 1.24260369566206744e-01, 1.34405188499192740e+00, 1.56296422610002161e+00, 1.16482067259809678e+01
 2.57379763321669675e-01, 1.48500000000058208e+01,-5.25153966691130555e-02,-2.86806417441799599e+00,-4.82794544955357363e+00, 3.87245088620625699e+00, 2.07035985200149930e-02, 6.15571692636053380e-01, 3.28817869581487621e+00,-2.08984768981777813e-01,-7.17156105643704678e-03, 1.31830297975273769e+00, 1.23759319365410070e-01, 1.34538830269519871e+00, 1.56445851319961804e+00, 1.14387732309940713e+01
 2.57542035064331098e-01, 1.49000000000087311e+01,-5.26186118248525153e-02,-2.89131245247374036e+00,-4.82963079345976620e+00, 3.85930197929142871e+00, 2.10474578029253810e-02, 6.25528732918127828e-01, 3.29473527788091847e+00,-1.99019511505267754e-01,-7.20338866796046019e-03, 1.31797053010237608e+00, 1.23260166829842949e-01, 1.34672947797894960e+00, 1.56568647507544978e+00, 1.12298051889081290e+01
 2.57704856676926441e-01, 1.49500000000116415e+01,-5.27215588186157672e-02,-2.91432960236553473e+00,-4.83105250309344214e+00, 3.84619007913859390e+00, 2.13960758168250283e-02, 6.35464915910880945e-01, 3.30086808945438337e+00,-1.89557075408882281e-01,-7.23514018591343323e-03, 1.31763715663137404e+00, 1.22762981725864417e-01, 1.34807533492125819e+00, 1.56665649031945375e+00, 1.10213367483841402e+01
 2.57868217966066959e-01, 1.50000000000000000e+01,-5.28242215496982914e-02,-2.93711372678349836e+00,-4.83221152455896963e+00, 3.83311703607976639e+00, 2.17494457410448636e-02, 6.45378555940697041e-01, 3.30658895996837332e+00,-1.80579932241272612e-01,-7.26681075347225189e-03, 1.31730291116347997e+00, 1.22267828099757656e-01, 1.34942578985311079e+00, 1.56737668423534315e+00, 1.08133997974870155e+01
 2.58032108400935378e-01, 1.50500000000029104e+01,-5.29265847911137149e-02,-2.95966286555534897e+00,-4.83310906949123975e+00, 3.82008459796288458e+00, 2.21075603179405403e-02, 6.55268013442342756e-01, 3.31190942855721193e+00,-1.72069841015412645e-01,-7.29839577043388341e-03, 1.31696784392176580e+00, 1.21774765654376407e-01, 1.35078075627096483e+00, 1.56785496869096841e+00, 1.06060245394074713e+01
 2.58196516557561706e-01, 1.51000000000058208e+01,-5.30286342248876760e-02,-2.98197502646949264e+00,-4.83374662078662443e+00, 3.80709440776956498e+00, 2.24704120412860808e-02, 6.65131698486633338e-01, 3.31684073943396918e+00,-1.64008163325596090e-01,-7.32989089947885201e-03, 1.31663200340293796e+00, 1.21283849722542955e-01, 1.35214014024030638e+00, 1.56809904124477018e+00, 1.03992394513423587e+01
 2.58361430024066030e-01, 1.51500000000087311e+01,-5.31303570076892273e-02,-3.00404808027827519e+00,-4.83412633817057014e+00, 3.79414793731844835e+00, 2.28379952561731485e-02, 6.74968107014848995e-01, 3.32139368946236413e+00,-1.56379323620129990e-01,-7.36129223314260523e-03, 1.31629543452133024e+00, 1.20795128759864104e-01, 1.35350383960846021e+00, 1.56811630959194348e+00, 1.01930701882239312e+01
 2.58526839432445588e-01, 1.52000000000116415e+01,-5.32317422515424174e-02,-3.02587963165397555e+00,-4.83425148228184653e+00, 3.78124641866682243e+00, 2.32103085287624460e-02, 6.84775857588860948e-01, 3.32557847197229162e+00,-1.49174278515170455e-01,-7.39259646682621698e-03, 1.31595817663093961e+00, 1.20308641578390441e-01, 1.35487177734526409e+00, 1.56791381329860102e+00, 9.98753844679706404e+00
 2.58692732400853664e-01, 1.52500000000000000e+01,-5.33327761176228751e-02,-3.04746801017197022e+00,-4.83412275258299395e+00, 3.76839144064035603e+00, 2.35873368512997811e-02, 6.94553395795582951e-01, 3.32940601140636527e+00,-1.42362979427789027e-01,-7.42379939863044291e-03, 1.31562027965348594e+00, 1.19824440599365978e-01, 1.35624385145091697e+00, 1.56749890085337995e+00, 9.78267181514065420e+00
 2.58859097091946433e-01, 1.53000000000029104e+01,-5.34334489936487064e-02,-3.06881101745296192e+00,-4.83374353313974225e+00, 3.75558409234379820e+00, 2.39690773439933599e-02, 7.04299415634394244e-01, 3.33288604863589555e+00,-1.35933647370700544e-01,-7.45489808384631331e-03, 1.31528178082445457e+00, 1.19342558765720114e-01, 1.35761996437862709e+00, 1.56687826311089418e+00, 9.57848962709846141e+00
 2.59025921700100970e-01, 1.53500000000058208e+01,-5.35337522771117402e-02,-3.08990638109019589e+00,-4.83311754996720833e+00, 3.74282534388899268e+00, 2.43555283439019776e-02, 7.14012682837297019e-01, 3.33602799360516311e+00,-1.29876635204243335e-01,-7.48588987754983132e-03, 1.31494271485114034e+00, 1.18863024290690025e-01, 1.35900001879489718e+00, 1.56605836796845588e+00, 9.37500924823964432e+00
 2.59193194277654360e-01, 1.54000000000087311e+01,-5.36336728540884600e-02,-3.11075263179456263e+00,-4.83224488888233505e+00, 3.73011669719205630e+00, 2.47466687138852490e-02, 7.23691716539552998e-01, 3.33884237709908449e+00,-1.24153833392586940e-01,-7.51677079668708944e-03, 1.31460313189159428e+00, 1.18385885576571759e-01, 1.36038391614224885e+00, 1.56504618931542661e+00, 9.17225682978750534e+00
 2.59360905120951390e-01, 1.54500000000116415e+01,-5.37332059056284256e-02,-3.13134709923986732e+00,-4.83113146166219742e+00, 3.71745867094322158e+00, 2.51425058822892997e-02, 7.33335515321427822e-01, 3.34133735782891828e+00,-1.18770088511814323e-01,-7.54753933416684938e-03, 1.31426305567250656e+00, 1.17911153128513885e-01, 1.36177157638232749e+00, 1.56384745693724692e+00, 8.97024226673230096e+00
 2.59529043089591516e-01, 1.55000000000000000e+01,-5.38323423340367618e-02,-3.15168782829685057e+00,-4.82977955416121407e+00, 3.70485229197011767e+00, 2.55430288012388276e-02, 7.42942861187943393e-01, 3.34352223875424315e+00,-1.13703566785890081e-01,-7.57819270394498139e-03, 1.31392252461706360e+00, 1.17438856862572827e-01, 1.36316290754579761e+00, 1.56246842157722865e+00, 8.76898385118451884e+00
 2.59697596782991202e-01, 1.55500000000029104e+01,-5.39310722910809684e-02,-3.17177311781693749e+00,-4.82819048423815644e+00, 3.69229867630190745e+00, 2.59482206953134537e-02, 7.52512509686520503e-01, 3.34540647839159933e+00,-1.08924337188582993e-01,-7.60872789575804068e-03, 1.31358158040282169e+00, 1.16969029962873561e-01, 1.36455781546416532e+00, 1.56091535698443185e+00, 8.56850134739374880e+00
 2.59866558038986284e-01, 1.56000000000058208e+01,-5.40293963835391453e-02,-3.19160116109776615e+00,-4.82637263308983400e+00, 3.67979770113406701e+00, 2.63581042149592104e-02, 7.62043749958939087e-01, 3.34699683352466115e+00,-1.04446927117089097e-01,-7.63914502302934229e-03, 1.31324023036340409e+00, 1.16501658185445334e-01, 1.36595623272679245e+00, 1.55919312558644418e+00, 8.36879401066548034e+00
 2.60035915472771662e-01, 1.56500000000087311e+01,-5.41273047203894159e-02,-3.21117018845480384e+00,-4.82432654378674286e+00, 3.66735048790390206e+00, 2.67726583134839380e-02, 7.71535394350096992e-01, 3.34830261670446516e+00,-1.00237943036262572e-01,-7.66944106332648375e-03, 1.31289851738464813e+00, 1.16036774825451508e-01, 1.36735806521108505e+00, 1.55730783197931122e+00, 8.16988168514608049e+00
 2.60205659134997658e-01, 1.57000000000116415e+01,-5.42247920741005945e-02,-3.23047843548070279e+00,-4.82205582244092845e+00, 3.65495760590316321e+00, 2.71918783293042879e-02, 7.80986495668151148e-01, 3.34933183263638279e+00,-9.62826911447099421e-02,-7.69961438758890761e-03, 1.31255646932565861e+00, 1.15574392011419516e-01, 1.36876323063215266e+00, 1.55526487374015954e+00, 7.97177506663012103e+00
 2.60375780382968436e-01, 1.57500000000000000e+01,-5.43218574396619955e-02,-3.24952400272157016e+00,-4.81956710152625867e+00, 3.64261912520203168e+00, 2.76157755208158370e-02, 7.90396316796497800e-01, 3.35009113962029481e+00,-9.25861532272662241e-02,-7.72966462841264551e-03, 1.31221410012888251e+00, 1.15114502854613762e-01, 1.37017165748245162e+00, 1.55306893112164968e+00, 7.77447656735291215e+00
 2.60546268728880370e-01, 1.58000000000029104e+01,-5.44184938477143276e-02,-3.26830524466201799e+00,-4.81686180668916908e+00, 3.63033582187424209e+00, 2.80443344656804254e-02, 7.99763895629378219e-01, 3.35058895536856660e+00,-8.91212323820774893e-02,-7.75958963675047950e-03, 1.31187144439500081e+00, 1.14657127377827864e-01, 1.37158325894019573e+00, 1.55072551906786238e+00, 7.57800029714449508e+00
 2.60717114978549103e-01, 1.58500000000058208e+01,-5.45146995597500933e-02,-3.28682069850042380e+00,-4.81394519541671340e+00, 3.61810785496727583e+00, 2.84775600487805897e-02, 8.09088489358075535e-01, 3.35083207541270500e+00,-8.58822237471146555e-02,-7.78938882400470947e-03, 1.31152851933839654e+00, 1.14202262127928791e-01, 1.37299795885393405e+00, 1.54823929342395994e+00, 7.38235012051444084e+00
 2.60888310202695151e-01, 1.59000000000087311e+01,-5.46104740998587038e-02,-3.30506899510423668e+00,-4.81082316320904102e+00, 3.60593523522587134e+00, 2.89154615164092972e-02, 8.18369429807270232e-01, 3.35082686825895060e+00,-8.28674426076558279e-02,-7.81906197800637248e-03, 1.31118533806805360e+00, 1.13749898102877875e-01, 1.37441568322843244e+00, 1.54561465604750126e+00, 7.18752743048378040e+00
 2.61059844632516636e-01, 1.59500000000116415e+01,-5.47058129877223479e-02,-3.32304851672878288e+00,-4.80749800668898786e+00, 3.59381844566597630e+00, 2.93580291834322216e-02, 8.27605952100621156e-01, 3.35058082660924139e+00,-8.00571802474295685e-02,-7.84860769347929359e-03, 1.31084192776729513e+00, 1.13300044274973491e-01, 1.37583635107857161e+00, 1.54285653420522584e+00, 6.99354145356362533e+00
 2.61231708852520228e-01, 1.60000000000000000e+01,-5.48007134275642974e-02,-3.34075778103620546e+00,-4.80397300312564646e+00, 3.58175777119480632e+00, 2.98052590375271036e-02, 8.36797379090876259e-01, 3.35010089004241873e+00,-7.74371319604282154e-02,-7.87802506732084365e-03, 1.31049831018720275e+00, 1.12852702134221064e-01, 1.37725988430693302e+00, 1.53996953643270196e+00, 6.80039811918376014e+00
 2.61403894487632737e-01, 1.60500000000029104e+01,-5.48951744952365442e-02,-3.35819545860591173e+00,-4.80025278939644284e+00, 3.56975327523951647e+00, 3.02571542065211176e-02, 8.45943098074068422e-01, 3.34939328054382335e+00,-7.49997328426917909e-02,-7.90731375918990280e-03, 1.31015450078927453e+00, 1.12407864808317770e-01, 1.37868621339756414e+00, 1.53695787768330416e+00, 6.60809966189508202e+00
 2.61576394395415468e-01, 1.61000000000058208e+01,-5.49891974731870764e-02,-3.37536037951343548e+00,-4.79634368832817604e+00, 3.55780476013105718e+00, 3.07137271588882044e-02, 8.55042567403593745e-01, 3.34846338784634234e+00,-7.27461646254833894e-02,-7.93647409221003540e-03, 1.30981050739165905e+00, 1.11965515616717734e-01, 1.38011527901277731e+00, 1.53382532725996579e+00, 6.41664396019066441e+00
 2.61749199117891684e-01, 1.61500000000087311e+01,-5.50827796755616050e-02,-3.39225109447288231e+00,-4.79224795683429683e+00, 3.54591249937817965e+00, 3.11749707335691600e-02, 8.64095221956714066e-01, 3.34731797302581136e+00,-7.06591939920630657e-02,-7.96550519605686812e-03, 1.30946635204320838e+00, 1.11525655874703450e-01, 1.38154700259944785e+00, 1.53057629410544749e+00, 6.22603672829066834e+00
 2.61922300312454392e-01, 1.62000000000116415e+01,-5.51759204188057364e-02,-3.40886630515313982e+00,-4.78796934864705648e+00, 3.53407652957725249e+00, 3.16408858933399512e-02, 8.73100564933560697e-01, 3.34596303690291430e+00,-6.87292818302827208e-02,-7.99440680244707137e-03, 1.30912204992821413e+00, 1.11088277987641232e-01, 1.38298131481016373e+00, 1.52721477661352090e+00, 6.03627972764182630e+00
 2.62095689557674039e-01, 1.62500000000000000e+01,-5.52686197929173548e-02,-3.42520485271149733e+00,-4.78351200496664486e+00, 3.52229679785548511e+00, 3.21114762558280323e-02, 8.82058130818427988e-01, 3.34440425189069268e+00,-6.69484963617114348e-02,-8.02317887197411157e-03, 1.30877761366908896e+00, 1.10653371096273018e-01, 1.38441814561139820e+00, 1.52374457794553009e+00, 5.84737321697251211e+00
 2.62269357852080442e-01, 1.63000000000029104e+01,-5.53608797749540332e-02,-3.44126598478813728e+00,-4.77888156982236989e+00, 3.51057303380871488e+00, 3.25867538015134420e-02, 8.90967458429053227e-01, 3.34264654752664558e+00,-6.53135416123505758e-02,-8.05182192044235495e-03, 1.30843304932380633e+00, 1.10220916303592736e-01, 1.38585742012949553e+00, 1.52016910642557423e+00, 5.65931380970664932e+00
 2.62443297360665184e-01, 1.63500000000058208e+01,-5.54527003499334439e-02,-3.45704840762430754e+00,-4.77408134672396489e+00, 3.49890519577004788e+00, 3.30667202554325232e-02, 8.99828184986443569e-01, 3.34069556579879068e+00,-6.38159637324076379e-02,-8.08033588204090485e-03, 1.30808836999803013e+00, 1.09790903416063512e-01, 1.38729907312491041e+00, 1.51649208634417731e+00, 5.47210193793363153e+00
 2.62617499942418398e-01, 1.64000000000087311e+01,-5.55440827811740090e-02,-3.47255108114555622e+00,-4.76911554508623503e+00, 3.48729309458695624e+00, 3.35513828608858256e-02, 9.08639967532017367e-01, 3.33855643539405911e+00,-6.24505237043581629e-02,-8.10872106775463453e-03, 1.30774358434473048e+00, 1.09363316834658192e-01, 1.38874303679112954e+00, 1.51271696053133575e+00, 5.28573555984457233e+00
 2.62791957901982398e-01, 1.64500000000116415e+01,-5.56350286656118673e-02,-3.48777302866230032e+00,-4.76398838472618191e+00, 3.47573650152031055e+00, 3.40407500411743225e-02, 9.17402493271176178e-01, 3.33623411403939985e+00,-6.12123497153291563e-02,-8.13697789093899282e-03, 1.30739869981033641e+00, 1.08938139591174890e-01, 1.39018924698513446e+00, 1.50884705906450156e+00, 5.10021196150418987e+00
 2.62966667608538318e-01, 1.65000000000000000e+01,-5.57255393303178748e-02,-3.50271363419530468e+00,-4.75870385787745231e+00, 3.46423520948422325e+00, 3.45348288325222699e-02, 9.26115364753456682e-01, 3.33373347636812989e+00,-6.00895842979611433e-02,-8.16510671533030551e-03, 1.30705372447203505e+00, 1.08515355400345404e-01, 1.39163767323299159e+00, 1.50488564514230871e+00, 4.91552875475748685e+00
 2.63141620591212433e-01, 1.65500000000029104e+01,-5.58156173177411508e-02,-3.51737191386409265e+00,-4.75326633796018427e+00, 3.45278888236305326e+00, 3.50336315283185165e-02, 9.34778380469258319e-01, 3.33105910217286016e+00,-5.90814777916557621e-02,-8.19310822904148472e-03, 1.30670866243143480e+00, 1.08094943627649751e-01, 1.39308824491195615e+00, 1.50083580802615768e+00, 4.73168142171576278e+00
 2.63316810444993499e-01, 1.66000000000058208e+01,-5.59052652337108588e-02,-3.53174707385671027e+00,-4.74768011717166516e+00, 3.44139717191392869e+00, 3.55371708073293005e-02, 9.43391317651054662e-01, 3.32821544307123229e+00,-5.81845802731384282e-02,-8.22098315448215738e-03, 1.30636351731805656e+00, 1.07676883211526506e-01, 1.39454090849894885e+00, 1.49670054937885588e+00, 4.54866521931100110e+00
 2.63492231032182278e-01, 1.66500000000087311e+01,-5.59944860475801026e-02,-3.54583836285346576e+00,-4.74194953460557223e+00, 3.43005968732259703e+00, 3.60454611749620527e-02, 9.51953988578384425e-01, 3.32520678079144849e+00,-5.73964222055202769e-02,-8.24873232393110063e-03, 1.30601829133535929e+00, 1.07261151651033629e-01, 1.39599561266296379e+00, 1.49248276298775751e+00, 4.36647468311600839e+00
 2.63667875085030645e-01, 1.67000000000116415e+01,-5.60832803806545835e-02,-3.55964489286185781e+00,-4.73607728082774315e+00, 3.41877631795775150e+00, 3.65585038834933887e-02, 9.60466062967122558e-01, 3.32203778690929807e+00,-5.67032719226783222e-02,-8.27635586539703788e-03, 1.30567299542769311e+00, 1.06847736989570757e-01, 1.39745229667694670e+00, 1.48818551153760814e+00, 4.18510897267399073e+00
 2.63843737139453804e-01, 1.67500000000000000e+01,-5.61716521992874154e-02,-3.57316602183757048e+00,-4.73006798087308233e+00, 3.40754655567139109e+00, 3.70763184370609053e-02, 9.68927438285220322e-01, 3.31871235031688805e+00,-5.61057128071706587e-02,-8.30385491194781354e-03, 1.30532762796878821e+00, 1.06436612634316377e-01, 1.39891091474758067e+00, 1.48381144836054868e+00, 4.00456064869063155e+00
 2.64019811472111621e-01, 1.68000000000029104e+01,-5.62596048114074321e-02,-3.58640107857836332e+00,-4.72392568374661881e+00, 3.39636997140613506e+00, 3.75989207905320783e-02, 9.77337979315012539e-01, 3.31523440433147698e+00,-5.56008479448072551e-02,-8.33123039966993974e-03, 1.30498218966639934e+00, 1.06027755084564884e-01, 1.40037141890974581e+00, 1.47936322746940241e+00, 3.82482356517645128e+00
 2.64196092537570981e-01, 1.68500000000058208e+01,-5.63471417153318457e-02,-3.59934942020078186e+00,-4.71765440262972557e+00, 3.38524611414769394e+00, 3.81263280702581822e-02, 9.85697572756258578e-01, 3.31160775273147889e+00,-5.51861130580022230e-02,-8.35848332251736686e-03, 1.30463668038054381e+00, 1.05621140175774703e-01, 1.40183376265249282e+00, 1.47484341833223209e+00, 3.64589119620630386e+00
 2.64372586258930842e-01, 1.69000000000087311e+01,-5.64342651493741562e-02,-3.61201016315103862e+00,-4.71125719915423868e+00, 3.37417464805536360e+00, 3.86585518191922828e-02, 9.94006058743244325e-01, 3.30783639358776638e+00,-5.48527924892286550e-02,-8.38561438587986062e-03, 1.30429110352763655e+00, 1.05216747509404449e-01, 1.40329799459345494e+00, 1.47025466566310348e+00, 3.46775891045815232e+00
 2.64549289564323054e-01, 1.69500000000116415e+01,-5.65209788503541755e-02,-3.62438267928038638e+00,-4.70473794003811019e+00, 3.36315508871493885e+00, 3.91956109571724720e-02, 1.00226336126074678e+00, 3.30392390772999844e+00,-5.45982816145921535e-02,-8.41262467274405887e-03, 1.30394545762020941e+00, 1.04814551846497211e-01, 1.40476408872778258e+00, 1.46559938900598152e+00, 3.29041959745192347e+00
 2.64726200066488337e-01, 1.70000000000000000e+01,-5.66072867486080017e-02,-3.63646635847386523e+00,-4.69810047558557553e+00, 3.35218692791619866e+00, 3.97375259033078132e-02, 1.01046942597446376e+00, 3.29987375019206919e+00,-5.44204154623991257e-02,-8.43951532857851149e-03, 1.30359974021361946e+00, 1.04414527192803072e-01, 1.40623202471753550e+00, 1.46087992755355489e+00, 3.11386573647500198e+00
 2.64903317760842694e-01, 1.70500000000029104e+01,-5.66931927393888799e-02,-3.64826056681095245e+00,-4.69134850008778237e+00, 3.34126965551676758e+00, 4.02843175394024117e-02, 1.01862420866471082e+00, 3.29568930187619147e+00,-5.43164430738006104e-02,-8.46628750608800947e-03, 1.30325394860096333e+00, 1.04016647508124033e-01, 1.40770180198582828e+00, 1.45609856612380861e+00, 2.93808975930430982e+00
 2.65080617021622611e-01, 1.71000000000058208e+01,-5.67787008045476452e-02,-3.65976516434421750e+00,-4.68448515254761055e+00, 3.33040282682920985e+00, 4.08360036823946018e-02, 1.02672765265885668e+00, 3.29137399052254720e+00,-5.42814969646501361e-02,-8.49294219466986168e-03, 1.30290808202728403e+00, 1.03620890710544283e-01, 1.40917320731172868e+00, 1.45125760033648721e+00, 2.76308516993188125e+00
 2.65258084048655529e-01, 1.71500000000087311e+01,-5.68638151483375973e-02,-3.67097983822530649e+00,-4.67751379441349968e+00, 3.31958593731714258e+00, 4.13926055649064401e-02, 1.03477973395627965e+00, 3.28693105220151383e+00,-5.43121435520589405e-02,-8.51948053732066654e-03, 1.30256213759620820e+00, 1.03227232037767999e-01, 1.41064612555207902e+00, 1.44635921234387910e+00, 2.58884446387498102e+00
 2.65435717118435555e-01, 1.72000000000116415e+01,-5.69485401993197332e-02,-3.68190408791406742e+00,-4.67043802059818614e+00, 3.30881842177266616e+00, 4.19541481078573170e-02, 1.04278046108524269e+00, 3.28236353121300439e+00,-5.44064875859334302e-02,-8.54590383275843392e-03, 1.30221611019453554e+00, 1.02835643999907259e-01, 1.41212054176658675e+00, 1.44140547193472601e+00, 2.41535911424304306e+00
 2.65613505400952077e-01, 1.72500000000000000e+01,-5.70328805326487318e-02,-3.69253761016282489e+00,-4.66326122853956893e+00, 3.29809972517998551e+00, 4.25206562709059127e-02, 1.05072984847573125e+00, 3.27767441628569456e+00,-5.45621604395349347e-02,-8.57221335615681278e-03, 1.30186999480760601e+00, 1.02446100141495494e-01, 1.41359636540986178e+00, 1.43639840814452535e+00, 2.24262074872889405e+00
 2.65791458709741912e-01, 1.73000000000029104e+01,-5.71168398217926712e-02,-3.70287954501825123e+00,-4.65598645865012273e+00, 3.28742933891216005e+00, 4.30921530265168731e-02, 1.05862790745170110e+00, 3.27286668783459600e+00,-5.47760599657795902e-02,-8.59841026748233393e-03, 1.30152378773877775e+00, 1.02058574703577237e-01, 1.41507367728665945e+00, 1.43134003443618640e+00, 2.07062175143166627e+00
 2.65969590080940843e-01, 1.73500000000058208e+01,-5.72004217120885006e-02,-3.71292895643225229e+00,-4.64861667164043890e+00, 3.27680674919866055e+00, 4.36686621147472365e-02, 1.06647466040908712e+00, 3.26794323872652948e+00,-5.50451987130287576e-02,-8.62449574186135472e-03, 1.30117748490774754e+00, 1.01673041690330437e-01, 1.41655258497989034e+00, 1.42623230754226937e+00, 1.89935440691676449e+00
 2.66147886998459982e-01, 1.74000000000087311e+01,-5.72836312609954976e-02,-3.72268564608756947e+00,-4.64115520070456089e+00, 3.26623135200490777e+00, 4.42502129374523906e-02, 1.07427016481253790e+00, 3.26290674353883858e+00,-5.53681684474352162e-02,-8.65047118503515199e-03, 1.30083107896461159e+00, 1.01289473389056445e-01, 1.41803298393397470e+00, 1.42107706017655100e+00, 1.72880948561941161e+00
 2.66326350047786375e-01, 1.74500000000116415e+01,-5.73664730023827618e-02,-3.73214906646484801e+00,-4.63360515635467873e+00, 3.25570256736943264e+00, 4.48368343070337516e-02, 1.08201447945251750e+00, 3.25775983678265302e+00,-5.57432516362037223e-02,-8.67633794397359298e-03, 1.30048456310412663e+00, 1.00907842382049612e-01, 1.41951487835149281e+00, 1.41587609452292851e+00, 1.55897814384565825e+00
 2.66504978099740608e-01, 1.75000000000000000e+01,-5.74489515543063420e-02,-3.74131874248862362e+00,-4.62596953671962474e+00, 3.24521981125994063e+00, 4.54285560284140785e-02, 1.08970767468880747e+00, 3.25250508748938216e+00,-5.61685728114798138e-02,-8.70209737801221073e-03, 1.30013793012229506e+00, 1.00528121345720783e-01, 1.42099825819273229e+00, 1.41063116851607506e+00, 1.38985145671326182e+00
 2.66683765742187995e-01, 1.75500000000029104e+01,-5.75310716167415012e-02,-3.75019435295263115e+00,-4.61825114960783178e+00, 3.23478250322468286e+00, 4.60254084842757899e-02, 1.09734983233618943e+00, 3.24714502857102127e+00,-5.66416416080846447e-02,-8.72775083939261904e-03, 1.29979117267455035e+00, 1.00150283475744714e-01, 1.42248307783989669e+00, 1.40534401055358571e+00, 1.22142054591595905e+00
 2.66862713845505750e-01, 1.76000000000058208e+01,-5.76128379802921947e-02,-3.75877540546691868e+00,-4.61045295603250160e+00, 3.22439003486102926e+00, 4.66274245469037243e-02, 1.10494104289001838e+00, 3.24168203956982870e+00,-5.71612282872932462e-02,-8.75329975335890388e-03, 1.29944428218627195e+00, 9.97743007375328228e-02, 1.42396934383916829e+00, 1.40001626270695900e+00, 1.05367605384091512e+00
 2.67041818879166171e-01, 1.76500000000087311e+01,-5.76942555481838176e-02,-3.76706153308128755e+00,-4.60257775930356772e+00, 3.21404179807948687e+00, 4.72346379856984078e-02, 1.11248140840755783e+00, 3.23611845821333999e+00,-5.77256437599149713e-02,-8.77874554630115461e-03, 1.29909724981113861e+00, 9.94001455030611297e-02, 1.42545702617875292e+00, 1.39464953529523772e+00, 8.86608615351081819e-01
 2.67221075373950789e-01, 1.77000000000116415e+01,-5.77753293345879410e-02,-3.77505242357380588e+00,-4.59462828520309952e+00, 3.20373717816091785e+00, 4.78470839228136782e-02, 1.11997104122393032e+00, 3.23045655454716441e+00,-5.83331570280836154e-02,-8.80408966338254786e-03, 1.29875006618704525e+00, 9.90277901592315074e-02, 1.42694607872907175e+00, 1.38924539468392827e+00, 7.20208742052396156e-01
 2.67400480240899852e-01, 1.77500000000000000e+01,-5.78560644069716565e-02,-3.78274774819172377e+00,-4.58660727352244546e+00, 3.19347554805796330e+00, 4.84647992454193335e-02, 1.12741005948059225e+00, 3.22469850104422262e+00,-5.89824801647920519e-02,-8.82933358307771456e-03, 1.29840272122818723e+00, 9.86572066511689633e-02, 1.42843647511772165e+00, 1.38380535012539441e+00, 5.54466726840445845e-01
 2.67580031195597701e-01, 1.78000000000029104e+01,-5.79364658191462989e-02,-3.79014716806465612e+00,-4.57851735131487736e+00, 3.18325628072550693e+00, 4.90878219000887711e-02, 1.13479859100595593e+00, 3.21884641739928545e+00,-5.96722130071186407e-02,-8.85447878575455066e-03, 1.29805520454836110e+00, 9.82883670184729191e-02, 1.42992819564542772e+00, 1.37833087478651195e+00, 3.89372850180327856e-01
 2.67759725892840639e-01, 1.78500000000058208e+01,-5.80165386931757940e-02,-3.79725036366649693e+00,-4.57036109992064965e+00, 3.17307874206215113e+00, 4.97161913760757954e-02, 1.14213677088357435e+00, 3.21290235115560030e+00,-6.04010671349631406e-02,-8.87952677161516976e-03, 1.29770750520903544e+00, 9.79212431867967636e-02, 1.43142122009861805e+00, 1.37282339722832636e+00, 2.24917262313192090e-01
 2.67939560177941127e-01, 1.79000000000087311e+01,-5.80962883063398591e-02,-3.80405707812734217e+00,-4.56214109650851984e+00, 3.16294228578264569e+00, 5.03499490969252853e-02, 1.14942474000568606e+00, 3.20686826726953456e+00,-6.11679672522911777e-02,-8.90447907371457598e-03, 1.29735961152963686e+00, 9.75558068839315340e-02, 1.43291551321842880e+00, 1.36728429703825216e+00, 6.10898977805341969e-02
 2.68119540731574846e-01, 1.79500000000116415e+01,-5.81757196214309907e-02,-3.81056678938369764e+00,-4.55385978283113779e+00, 3.15284627188964306e+00, 5.09891372856706784e-02, 1.15666264723189749e+00, 3.20074608975431874e+00,-6.19717341046076495e-02,-8.92933721098445807e-03, 1.29701151173500628e+00, 9.71920295652630301e-02, 1.43441112977633334e+00, 1.36171492483177858e+00,-1.02119216147778191e-01
 2.68299671384667260e-01, 1.80000000000000000e+01,-5.82548377661979214e-02,-3.81677906398400957e+00,-4.54551959192459964e+00, 3.14279005009869961e+00, 5.16338000754006793e-02, 1.16385064621354406e+00, 3.19453766548413043e+00,-6.28113761041955848e-02,-8.95410273035666254e-03, 1.29666319336418190e+00, 9.68298826079219965e-02, 1.43590810087263598e+00, 1.35611658543536562e+00,-2.64720236040325185e-01
 2.68479954667276421e-01, 1.80500000000029104e+01,-5.83336479803880162e-02,-3.82269351765293131e+00,-4.53712293970345915e+00, 3.13277296154289298e+00, 5.22839834687638047e-02, 1.17098889497618353e+00, 3.18824476879638885e+00,-6.36860686560659500e-02,-8.97877720241500345e-03, 1.29631464332158508e+00, 9.64693372831421370e-02, 1.43740644680107854e+00, 1.35049054049982398e+00,-4.26723473755561800e-01
 2.68660380046813418e-01, 1.81000000000058208e+01,-5.84121557495796140e-02,-3.82831008139513829e+00,-4.52867208052435188e+00, 3.12279435679760686e+00, 5.29397341755742865e-02, 1.17807755985044871e+00, 3.18186914776636343e+00,-6.45947715578036596e-02,-9.00336217550031653e-03, 1.29596584852048213e+00, 9.61103661057032821e-02, 1.43890607928164771e+00, 1.34483803071854280e+00,-5.88139095112951149e-01
 2.68840948009635428e-01, 1.81500000000087311e+01,-5.84903664118471556e-02,-3.83362844240874479e+00,-4.52016930664720640e+00, 3.11285357275197150e+00, 5.36011012072925355e-02, 1.18511680844388234e+00, 3.17541246446832126e+00,-6.55367523239101801e-02,-9.02785923457549364e-03, 1.29561679504741711e+00, 9.57529405745709966e-02, 1.44040700160139301e+00, 1.33916024792472776e+00,-7.48977506378521452e-01
 2.69021657766971345e-01, 1.82000000000116415e+01,-5.85682853690621397e-02,-3.83864832987743920e+00,-4.51161686139960061e+00, 3.10294994320125550e+00, 5.42681352271256814e-02, 1.19210681208658920e+00, 3.16887632385881757e+00,-6.65113494297346064e-02,-9.05226997423896375e-03, 1.29526746853612407e+00, 9.53970322783210672e-02, 1.44190920644475318e+00, 1.33345834910858629e+00,-9.09249177081560722e-01
 2.69202526141295972e-01, 1.82500000000000000e+01,-5.86459175359142562e-02,-3.84336900406077264e+00,-4.50301683191990243e+00, 3.09308280906582755e+00, 5.49408878724008815e-02, 1.19904775164023403e+00, 3.16226230912482720e+00,-6.75176698149674293e-02,-9.07659597260437358e-03, 1.29491785453889685e+00, 9.50426121281367914e-02, 1.44341283290475486e+00, 1.32773347311861500e+00,-1.06896446851856108e+00
 2.69383553864192382e-01, 1.83000000000029104e+01,-5.87232683382730297e-02,-3.84779016685912012e+00,-4.49437136684865823e+00, 3.08325149845612412e+00, 5.56194131937914268e-02, 1.20593980478707952e+00, 3.15557191523706404e+00,-6.85551784100388167e-02,-9.10083884219465775e-03, 1.29456793779362678e+00, 9.46896516501314622e-02, 1.44491788632558849e+00, 1.32198671008894464e+00,-1.22813396790433149e+00
 2.69564743900964632e-01, 1.83500000000058208e+01,-5.88003431473598237e-02,-3.85191146615619573e+00,-4.48568253471370237e+00, 3.07345534014175481e+00, 5.63037667663910113e-02, 1.21278315381512769e+00, 3.14880659520158979e+00,-6.96233094535972374e-02,-9.12500019552297398e-03, 1.29421770271126158e+00, 9.43381223783317374e-02, 1.44642439062198891e+00, 1.31621912323535684e+00,-1.38676826238950190e+00
 2.69746062037215739e-01, 1.84000000000087311e+01,-5.88771482044188887e-02,-3.85573354670721846e+00,-4.47695228006633261e+00, 3.06369366809703525e+00, 5.69940053891973830e-02, 1.21957798843426146e+00, 3.14196777509792913e+00,-7.07213750923911949e-02,-9.14908163344999893e-03, 1.29386713354372884e+00, 9.39879984086294390e-02, 1.44793206054980472e+00, 1.31043175587156524e+00,-1.54487786261893989e+00
 2.69927508759500834e-01, 1.84500000000116415e+01,-5.89536889961413541e-02,-3.85925615416409640e+00,-4.46818259222134007e+00, 3.05396580584126021e+00, 5.76901882681287032e-02, 1.22632449435662050e+00, 3.13505680350170834e+00,-7.18489436429530504e-02,-9.17308478519362341e-03, 1.29351621379943915e+00, 9.36392514900308837e-02, 1.44944089935474785e+00, 1.30462560866619159e+00,-1.70247346542020583e+00
 2.70109088088595517e-01, 1.85000000000000000e+01,-5.90299709194210959e-02,-3.86247894081662047e+00,-4.45937537996966782e+00, 3.04427107792465002e+00, 5.83923762329033244e-02, 1.23302286179382548e+00, 3.12807499189981808e+00,-7.30055547406796429e-02,-9.19701127892842002e-03, 1.29316492666507776e+00, 9.32918533066394856e-02, 1.45095093967259792e+00, 1.29880165834181871e+00,-1.85956576077086577e+00
 2.70290868054911815e-01, 1.85500000000029104e+01,-5.91059978096271504e-02,-3.86539981087397644e+00,-4.45053245870248038e+00, 3.03460880945377731e+00, 5.91006318059224683e-02, 1.23967328775679775e+00, 3.12102361982954246e+00,-7.41906945552363445e-02,-9.22086274290896506e-03, 1.29281325498733568e+00, 9.29457717407307371e-02, 1.45246274650987184e+00, 1.29296086022168399e+00,-2.01616543917371782e+00
 2.70472851638313916e-01, 1.86000000000058208e+01,-5.91817751410463194e-02,-3.86801843629911346e+00,-4.44165566673731327e+00, 3.02497832061736682e+00, 5.98150196682268667e-02, 1.24627596340223779e+00, 3.11390390120934102e+00,-7.54040277571838558e-02,-9.24464081963816131e-03, 1.29246118106063457e+00, 9.26009785574705702e-02, 1.45397634395756570e+00, 1.28710413323927653e+00,-2.17228328468074094e+00
 2.70655046685019274e-01, 1.86500000000087311e+01,-5.92573082836526308e-02,-3.87033439520093570e+00,-4.43274677515865001e+00, 3.01537893054932304e+00, 6.05356064150261580e-02, 1.25283108396280407e+00, 3.10671701307789005e+00,-7.66452113706710958e-02,-9.26834715579701041e-03, 1.29210868677067703e+00, 9.22574452906217840e-02, 1.45549179658607208e+00, 1.28123237323285832e+00,-2.32793010877564299e+00
 2.70837390385323618e-01, 1.87000000000116415e+01,-5.93326043532186390e-02,-3.87234933989062480e+00,-4.42380748642930932e+00, 3.00580995609255464e+00, 6.12624606979597155e-02, 1.25933884978611355e+00, 3.09946409705110737e+00,-7.79138884148771610e-02,-9.29198340533610688e-03, 1.29175575354479366e+00, 9.19151478808513112e-02, 1.45700858122316945e+00, 1.27534645383040535e+00,-2.48311677067159930e+00
 2.71019854253804315e-01, 1.87500000000000000e+01,-5.94076696201969734e-02,-3.87406384053807873e+00,-4.41483947163691237e+00, 2.99627071539866119e+00, 6.19956529966782730e-02, 1.26579945833245522e+00, 3.09214624998900556e+00,-7.92097720822762807e-02,-9.31555122048251943e-03, 1.29140236248267226e+00, 9.15740603364608163e-02, 1.45852646010670450e+00, 1.26944722238668684e+00,-2.63785411826573046e+00
 2.71202428282150798e-01, 1.88000000000029104e+01,-5.94825098482005890e-02,-3.87547769231235062e+00,-4.40584433007443277e+00, 2.98676053370430061e+00, 6.27352551895429961e-02, 1.27221310593018422e+00, 3.08476453744928669e+00,-8.05325888785939498e-02,-9.33905223698881098e-03, 1.29104849457732773e+00, 9.12341558902968336e-02, 1.46004534913407191e+00, 1.26353550615444976e+00,-2.79215289128977995e+00
 2.71385184017493120e-01, 1.88500000000058208e+01,-5.95571288316894057e-02,-3.87658885016199317e+00,-4.39682362224410994e+00, 2.97727873522790842e+00, 6.34813412224642937e-02, 1.27857998875668155e+00, 3.07731998535200191e+00,-8.18821041597259797e-02,-9.36248809467238839e-03, 1.29069413040689995e+00, 9.08954027314807234e-02, 1.46156584272625101e+00, 1.25761210885291863e+00,-2.94602385616376772e+00
 2.71568116955361538e-01, 1.89000000000087311e+01,-5.96315322737235726e-02,-3.87739732939569937e+00,-4.38777887734833527e+00, 2.96782463812126940e+00, 6.42339875708342750e-02, 1.28490030519847331e+00, 3.06981357845796587e+00,-8.32581153158687692e-02,-9.38586045016628553e-03, 1.29033924993716642e+00, 9.05577736600692712e-02, 1.46308790265260980e+00, 1.25167781036972126e+00,-3.09947788971269711e+00
 2.71751218041580922e-01, 1.89500000000116415e+01,-5.97057259804163118e-02,-3.87790314006622161e+00,-4.37871157764947050e+00, 2.95839756192991477e+00, 6.49932726934773219e-02, 1.29117425270638164e+00, 3.06224626655426269e+00,-8.46604475726783906e-02,-9.40917095800582713e-03, 1.28998383280295514e+00, 9.02212419152390449e-02, 1.46461145281050231e+00, 1.24573336955765623e+00,-3.25252585498884583e+00
 2.71934479477650592e-01, 1.90000000000000000e+01,-5.97797157351900657e-02,-3.87810631551431229e+00,-4.36962316420890406e+00, 2.94899682577798217e+00, 6.57592772238772272e-02, 1.29740202819872263e+00, 3.05461896401002297e+00,-8.60889543447743988e-02,-9.43242127520623613e-03, 1.28962785823628878e+00, 8.98857807462735969e-02, 1.46613642752411422e+00, 1.23977952425538995e+00,-3.40517863132653531e+00
 2.72117915492358919e-01, 1.90500000000029104e+01,-5.98535067832623030e-02,-3.87800629737706748e+00,-4.36051503268801088e+00, 2.93962174977553037e+00, 6.65320838985894586e-02, 1.30358382760907832e+00, 3.04693255224179049e+00,-8.75435121279303508e-02,-9.45561305766925986e-03, 1.28927130511862775e+00, 8.95513621376066993e-02, 1.46766294441012035e+00, 1.23381699253380983e+00,-3.55744709074944598e+00
 2.72301556057130467e-01, 1.91000000000058208e+01,-5.99271040174340422e-02,-3.87760205192278695e+00,-4.35138854146347054e+00, 2.93027165129415978e+00, 6.73117779191045734e-02, 1.30971984724463963e+00, 3.03918787814822045e+00,-8.90240205999827117e-02,-9.47874796959556273e-03, 1.28891415183324609e+00, 8.92179570529078730e-02, 1.46919125212680846e+00, 1.22784647228884580e+00,-3.70934215976881232e+00
 2.72485384157163280e-01, 1.91500000000087311e+01,-6.00005134646320881e-02,-3.87689392978857006e+00,-4.34224500204870267e+00, 2.92094584884213804e+00, 6.80984466760395646e-02, 1.31581028239076003e+00, 3.03138575810181710e+00,-9.05303993885727409e-02,-9.50182767363949229e-03, 1.28855637641310405e+00, 8.88855395720951208e-02, 1.47072120831891517e+00, 1.22186864311475474e+00,-3.86087475474330288e+00
 2.72669429328790847e-01, 1.92000000000116415e+01,-6.00737400430281163e-02,-3.87588093909944664e+00,-4.33308569638051466e+00, 2.91164365930126223e+00, 6.88921800362247289e-02, 1.32185532656725946e+00, 3.02352697420604155e+00,-9.20625984057970304e-02,-9.52485383792790394e-03, 1.28819795642939261e+00, 8.85540808300305377e-02, 1.47225305806035967e+00, 1.21588416483231021e+00,-4.01205582796203242e+00
 2.72853663629663901e-01, 1.92500000000000000e+01,-6.01467900426989888e-02,-3.87456370474517486e+00,-4.32391184936724216e+00, 2.90236440233517001e+00, 6.96930700062804720e-02, 1.32785517255471031e+00, 3.01561228310787754e+00,-9.36205770642331014e-02,-9.54782812480175526e-03, 1.28783886916359913e+00, 8.82235558309850815e-02, 1.47378656802673702e+00, 1.20989368150608367e+00,-4.16289629372609760e+00
 2.73038100926144556e-01, 1.93000000000029104e+01,-6.02196687646229453e-02,-3.87294166902677572e+00,-4.31472466480544181e+00, 2.89310739547243045e+00, 7.05012112139181552e-02, 1.33381001026914725e+00, 3.00764240685406925e+00,-9.52043299592256337e-02,-9.57075220334395807e-03, 1.28747909140977934e+00, 8.78939369090352834e-02, 1.47532185286829387e+00, 1.20389781760787362e+00,-4.31340711060169824e+00
 2.73222752569733107e-01, 1.93500000000058208e+01,-6.02923815575386185e-02,-3.87101435165479701e+00,-4.30552529499849257e+00, 2.88387195834796106e+00, 7.13167005817633148e-02, 1.33972002841145676e+00, 2.99961804261471077e+00,-9.68138624379279444e-02,-9.59362773853183852e-03, 1.28711859964106679e+00, 8.75651967096359035e-02, 1.47685900631968003e+00, 1.19789718240799825e+00,-4.46359921019934625e+00
 2.73407630388286971e-01, 1.94000000000087311e+01,-6.03649337560501625e-02,-3.86878125640654780e+00,-4.29631485325343920e+00, 2.87465741148286069e+00, 7.21396374820951897e-02, 1.34558541332423709e+00, 2.99153986007398753e+00,-9.84491995102224071e-02,-9.61645639434209436e-03, 1.28675736995909729e+00, 8.72373079524469824e-02, 1.47839812609634347e+00, 1.19189236897311002e+00,-4.61348351755975994e+00
 2.73592745775820267e-01, 1.94500000000116415e+01,-6.04373307203069157e-02,-3.86624190984732152e+00,-4.28709441779829348e+00, 2.86546307420571722e+00, 7.29701239783241834e-02, 1.35140634976239249e+00, 2.98340850103219202e+00,-1.00110385903035892e-01,-9.63923983899660393e-03, 1.28639537800809456e+00, 8.69102434159996912e-02, 1.47993930631691484e+00, 1.18588395418857262e+00,-4.76307098559592212e+00
 2.73778101246481054e-01, 1.95000000000000000e+01,-6.05095780250703499e-02,-3.86339613094110401e+00,-4.27786501264605690e+00, 2.85628826630460964e+00, 7.38082647277913256e-02, 1.35718302263926538e+00, 2.97522458561706404e+00,-1.01797468552221701e-01,-9.66197974069871179e-03, 1.28603259903887390e+00, 8.65839765497997266e-02, 1.48148256717860338e+00, 1.17987250159167045e+00,-4.91237256709916448e+00
 2.73963718808822310e-01, 1.95500000000029104e+01,-6.05816807726731743e-02,-3.86024312453415908e+00,-4.26862765839656966e+00, 2.84713230846279997e+00, 7.46541669998287694e-02, 1.36291560874756290e+00, 2.96698869975160351e+00,-1.03510543798317256e-01,-9.68467776669366086e-03, 1.28566900792108707e+00, 8.62584796270728926e-02, 1.48302809119870149e+00, 1.17385855592782939e+00,-5.06139920857023906e+00
 2.74149615930924406e-01, 1.96000000000058208e+01,-6.06536441792399975e-02,-3.85678223822490684e+00,-4.25938333605844299e+00, 2.83799452145381803e+00, 7.55079407994548868e-02, 1.36860428287202862e+00, 2.95870140557075167e+00,-1.05249721565145241e-01,-9.70733558515143868e-03, 1.28530457911028750e+00, 8.59337252833337339e-02, 1.48457602311699022e+00, 1.16784264793886039e+00,-5.21016186258143588e+00
 2.74335754395177489e-01, 1.96500000000087311e+01,-6.07254748169207201e-02,-3.85301449634835613e+00,-4.25013292466233850e+00, 2.82887422453447268e+00, 7.63696990710404783e-02, 1.37424922843084163e+00, 2.95036325772862185e+00,-1.07015069662288548e-01,-9.72995486898715727e-03, 1.28493928658284084e+00, 8.56096898577817095e-02, 1.48612604397534431e+00, 1.16182530186421240e+00,-5.35867151285976018e+00
 2.74522159144003575e-01, 1.97000000000116415e+01,-6.07971777238253130e-02,-3.84893903440579477e+00,-4.24087735642694152e+00, 2.81977073917290433e+00, 7.72395574206602153e-02, 1.37985061087385308e+00, 2.94197476519866585e+00,-1.08806749708209555e-01,-9.75253728697434916e-03, 1.28457310397572888e+00, 8.52863456711557694e-02, 1.48767836073276860e+00, 1.15580701823292253e+00,-5.50693911594013308e+00
 2.74708834531947665e-01, 1.97500000000000000e+01,-6.08687584411327018e-02,-3.84455560747622771e+00,-4.23161751094387473e+00, 2.81068338641748383e+00, 7.81176344098340608e-02, 1.38540859575007991e+00, 2.93353641877620541e+00,-1.10624922781329849e-01,-9.77508450999524901e-03, 1.28420600448283651e+00, 8.49636664568036853e-02, 1.48923300892104615e+00, 1.14978828645368725e+00,-5.65497564220244175e+00
 2.74895787950298176e-01, 1.98000000000029104e+01,-6.09402224073841287e-02,-3.83986386348532038e+00,-4.22235417349384878e+00, 2.80161149118569774e+00, 7.90040511828251218e-02, 1.39092335222962737e+00, 2.92504870348060653e+00,-1.12469722950653772e-01,-9.79759820002515380e-03, 1.28383796103153336e+00, 8.46416259515948982e-02, 1.49079004936374337e+00, 1.14376959027956948e+00,-5.80279200354699842e+00
 2.75083025646462809e-01, 1.98500000000058208e+01,-6.10115751000960202e-02,-3.83486349249662295e+00,-4.21308812616571338e+00, 2.79255437756738978e+00, 7.98989319952705945e-02, 1.39639504207757414e+00, 2.91651207475115903e+00,-1.14341321481345709e-01,-9.82008002232147292e-03, 1.28346894608191464e+00, 8.43201980039930271e-02, 1.49234953336125131e+00, 1.13775139739042119e+00,-5.95039913342319959e+00
 2.75270552624345466e-01, 1.99000000000087311e+01,-6.10828220390590218e-02,-3.82955423100092451e+00,-4.20382015203345372e+00, 2.78351136870502991e+00, 8.08024042944631982e-02, 1.40182381898141850e+00, 2.90792695824038994e+00,-1.16239929463628780e-01,-9.84253164572167910e-03, 1.28309893161748612e+00, 8.39993565766080363e-02, 1.49391150185830446e+00, 1.13173415942851285e+00,-6.09780798878580566e+00
 2.75458377511628771e-01, 1.99500000000116415e+01,-6.11539686358887891e-02,-3.82393571918387831e+00,-4.19455096580013986e+00, 2.77448179064879552e+00, 8.17145983799347914e-02, 1.40720983660060028e+00, 2.89929376931148441e+00,-1.18165749863479649e-01,-9.86495473262492990e-03, 1.28272788930670112e+00, 8.36790755544292303e-02, 1.49547602598513074e+00, 1.12571832060699206e+00,-6.24502948431801741e+00
 2.75646515129037706e-01, 2.00000000000000000e+01,-6.12250201250243153e-02,-3.81800744713720031e+00,-4.18528120120372460e+00, 2.76546497324773055e+00, 8.26356473571881883e-02, 1.41255324981734232e+00, 2.89061291719209379e+00,-1.20118970675911804e-01,-9.88735093667485881e-03, 1.28235579054023119e+00, 8.33593285963118297e-02, 1.49704322846688287e+00, 1.11970431951474469e+00,-6.39207447721759259e+00
 2.75834972746674068e-01, 2.00500000000029104e+01,-6.12959819567773304e-02,-3.81176908461508201e+00,-4.17601153968760919e+00, 2.75646024283800983e+00, 8.35656879746213832e-02, 1.41785419985605787e+00, 2.88188477054788583e+00,-1.22099843169745273e-01,-9.90972192169844654e-03, 1.28198260611381309e+00, 8.30400898025840939e-02, 1.49861316914118814e+00, 1.11369257434210689e+00,-6.53895389154228912e+00
 2.76023761418959790e-01, 2.01000000000058208e+01,-6.13668594730847478e-02,-3.80522020908339664e+00,-4.16674260745116065e+00, 2.74746692827305861e+00, 8.45048600518458065e-02, 1.42311282591561095e+00, 2.87310968642418407e+00,-1.24108618410883248e-01,-9.93206934606546098e-03, 1.28160830648370938e+00, 8.27213331622559112e-02, 1.50018593937497102e+00, 1.10768349546492195e+00,-6.68567861551987086e+00
 2.76212870429754065e-01, 2.01500000000087311e+01,-6.14376585579251427e-02,-3.79836110291171547e+00,-4.15747493985032168e+00, 2.73848435619139607e+00, 8.54533070396208266e-02, 1.42832927387068409e+00, 2.86428801868738958e+00,-1.26145529127247191e-01,-9.95439487450102377e-03, 1.28123286156580618e+00, 8.24030341372079533e-02, 1.50176144916286192e+00, 1.10167748994401937e+00,-6.83225957910495296e+00
 2.76402310823866737e-01, 2.02000000000116415e+01,-6.15083845466710480e-02,-3.79119136074030383e+00,-4.14820910709709700e+00, 2.72951185706323329e+00, 8.64111754633443002e-02, 1.43350367258095202e+00, 2.85542008793029289e+00,-1.28210857684898760e-01,-9.97670016325341406e-03, 1.28085624098062034e+00, 8.20851668946862290e-02, 1.50333978978155591e+00, 1.09567494703597257e+00,-6.97870765659640924e+00
 2.76592086668381976e-01, 2.02500000000000000e+01,-6.15790429461749930e-02,-3.78371080807701921e+00,-4.13894563394155757e+00, 2.72054876119971301e+00, 8.73786154006074151e-02, 1.43863614899253056e+00, 2.84650620179773295e+00,-1.30304891954360957e-01,-9.99898686986428788e-03, 1.28047841388634875e+00, 8.17677061304068059e-02, 1.50492099437503923e+00, 1.08967624807332752e+00,-7.12503373078491897e+00
 2.76782226557050870e-01, 2.03000000000029104e+01,-6.16496386620502476e-02,-3.77591850861221223e+00,-4.12968494624471649e+00, 2.71159440117117345e+00, 8.83557802770443684e-02, 1.44372683435704530e+00, 2.83754667015869488e+00,-1.32427908584413168e-01,-1.00212566468358046e-02, 1.28009934908248635e+00, 8.14506249805722338e-02, 1.50650530045177500e+00, 1.08368177335775417e+00,-7.27124865137377085e+00
 2.76972752556785218e-01, 2.03500000000058208e+01,-6.17201767576666185e-02,-3.76781372990504426e+00,-4.12042746120326964e+00, 2.70264810989054283e+00, 8.93428271589005174e-02, 1.44877585191732550e+00, 2.82854178156954461e+00,-1.34580205699881467e-01,-1.00435111468048770e-02, 1.27971901491891393e+00, 8.11338970786291275e-02, 1.50809289116341616e+00, 1.07769189136373167e+00,-7.41736326895095210e+00
 2.77163664153006972e-01, 2.04000000000087311e+01,-6.17906628450458212e-02,-3.75939645552519375e+00,-4.11117363404116887e+00, 2.69370921957869314e+00, 9.03399169536239915e-02, 1.45378331047103893e+00, 2.81949179164430497e+00,-1.36762120065094361e-01,-1.00657520253161301e-02, 1.27933737924404367e+00, 8.08174976423795821e-02, 1.50968376150547656e+00, 1.07170695349341383e+00,-7.56338845319541253e+00
 2.77354970936797673e-01, 2.04500000000116415e+01,-6.18611022868166271e-02,-3.75066635918830160e+00,-4.10192386788835694e+00, 2.68477706383130599e+00, 9.13472142396114101e-02, 1.45874931642739258e+00, 2.81039694767233739e+00,-1.38973994001218570e-01,-1.00879809352396790e-02, 1.27895440949595551e+00, 8.05014012892784347e-02, 1.51127799067713853e+00, 1.06572730540711502e+00,-7.70933505622629234e+00
 2.77546681800171446e-01, 2.05000000000000000e+01,-6.19315004600174621e-02,-3.74162314372848837e+00,-4.09267854540776543e+00, 2.67585097693383123e+00, 9.23648874230899447e-02, 1.46367396943129457e+00, 2.80125748080803039e+00,-1.41216186790313086e-01,-1.01101995286070421e-02, 1.27857007266717426e+00, 8.01855827563744961e-02, 1.51287565205300756e+00, 1.05975328348008957e+00,-7.85521392465681245e+00
 2.77738804936298156e-01, 2.05500000000029104e+01,-6.20018627561218991e-02,-3.73226654158851456e+00,-4.08343803015396034e+00, 2.66693029384690217e+00, 9.33931088178332203e-02, 1.46855736207531828e+00, 2.79207360630924128e+00,-1.43489075058201992e-01,-1.01324094566370045e-02, 1.27818433530008924e+00, 7.98700168994305043e-02, 1.51447681318327132e+00, 1.05378521494827204e+00,-8.00103589976407470e+00
 2.77931382435507635e-01, 2.06000000000058208e+01,-6.20721937996005085e-02,-3.72259541473380118e+00,-4.07420233572984269e+00, 2.65801434508557222e+00, 9.44320552787357159e-02, 1.47339963153140863e+00, 2.78284560901087730e+00,-1.45792931618780208e-01,-1.01546123814947042e-02, 1.27779716327724246e+00, 7.95546760897823946e-02, 1.51608182413334580e+00, 1.04782345798545573e+00,-8.14681189469482625e+00
 2.78124412065152038e-01, 2.06500000000087311e+01,-6.21424992158761888e-02,-3.71260978247524376e+00,-4.06497187650123148e+00, 2.64910246831495133e+00, 9.54819070464801717e-02, 1.47820084213041780e+00, 2.77357365043071757e+00,-1.48128199034297969e-01,-1.01768099496395530e-02, 1.27740852228041080e+00, 7.92395360775214191e-02, 1.51769066558483123e+00, 1.04186831116816703e+00,-8.29255271947790540e+00
 2.78317904160476248e-01, 2.07000000000116415e+01,-6.22127843448440979e-02,-3.70230935078239165e+00,-4.05574692448950280e+00, 2.64019399989992953e+00, 9.65428487268039648e-02, 1.48296107016644885e+00, 2.76425790966115814e+00,-1.50495291909990087e-01,-1.01990038112284472e-02, 1.27701837744961377e+00, 7.89245717340551489e-02, 1.51930342295803888e+00, 1.03592007972672784e+00,-8.43826920841852512e+00
 2.78511870833444142e-01, 2.07500000000000000e+01,-6.22830544850146231e-02,-3.69169379051891378e+00,-4.04652771366024666e+00, 2.63128827650939145e+00, 9.76150692086668187e-02, 1.48768038751266940e+00, 2.75489855687076801e+00,-1.52894634608416735e-01,-1.02211956164217702e-02, 1.27662669344229518e+00, 7.86097578560579491e-02, 1.52092019648198784e+00, 1.02997906308606679e+00,-8.58397219584470150e+00
 2.78706324063123789e-01, 2.08000000000029104e+01,-6.23533149367531056e-02,-3.68076278720588679e+00,-4.03731445941751144e+00, 2.62238463538448574e+00, 9.86987617240170922e-02, 1.49235885849391736e+00, 2.74549574880888825e+00,-1.55326668264444578e-01,-1.02433870147601008e-02, 1.27623343443941839e+00, 7.82950693072394927e-02, 1.52254108527837628e+00, 1.02404555277039777e+00,-8.72967251201511374e+00
 2.78901280011506103e-01, 2.08500000000058208e+01,-6.24235708990095103e-02,-3.66951598322787698e+00,-4.02810726744084846e+00, 2.61348241434793183e+00, 9.97941239211409536e-02, 1.49699655266614395e+00, 2.73604965296420621e+00,-1.57791821003124999e-01,-1.02655796548108830e-02, 1.27583856414691366e+00, 7.79804807122487093e-02, 1.52416622333765317e+00, 1.01811984365539843e+00,-8.87538098079917148e+00
 2.79096766429159815e-01, 2.09000000000087311e+01,-6.24938272928624999e-02,-3.65795287712681105e+00,-4.01890597546150996e+00, 2.60458095179439564e+00, 1.00901357930265681e-01, 1.50159356714142711e+00, 2.72656048849013022e+00,-1.60290455655587027e-01,-1.02877751836398437e-02, 1.27544204580028642e+00, 7.76659659243226774e-02, 1.52579584126070422e+00, 1.01220225287104104e+00,-9.02110841620655357e+00
 2.79292789651518658e-01, 2.09500000000116415e+01,-6.25640895501394789e-02,-3.64607326807793752e+00,-4.00971086084019213e+00, 2.59567958669255638e+00, 1.02020670579833300e-01, 1.50614992643730772e+00, 2.71702834365033841e+00,-1.62823100613458949e-01,-1.03099752492450507e-02, 1.27504384211609945e+00, 7.73515003619657388e-02, 1.52742999113403588e+00, 1.00629303495068090e+00,-9.16686563836842616e+00
 2.79489365203578144e-01, 2.10000000000000000e+01,-6.26343628817219861e-02,-3.63387684518784004e+00,-4.00052198727563724e+00, 2.58677765857713693e+00, 1.03152273382148468e-01, 1.51066567469800117e+00, 2.70745334578853569e+00,-1.65390237111924299e-01,-1.03321814982913467e-02, 1.27464391532707988e+00, 7.70370588451858296e-02, 1.52906880164737768e+00, 1.00039246095349488e+00,-9.31266345866239753e+00
 2.79686508914746501e-01, 2.10500000000029104e+01,-6.27046524901536811e-02,-3.62136330672319717e+00,-3.99133939566169715e+00, 2.57787450753753289e+00, 1.04296382666654475e-01, 1.51514084863270959e+00, 2.69783561218676438e+00,-1.67992361203963825e-01,-1.03543955767916446e-02, 1.27424222716469515e+00, 7.67226162203549916e-02, 1.53071240402859310e+00, 9.94500795560592898e-01,-9.45851268418584112e+00
 2.79884236918501172e-01, 2.11000000000058208e+01,-6.27749635695463160e-02,-3.60853236028199786e+00,-3.98216310510445926e+00, 2.56896947422978439e+00, 1.05453219680155988e-01, 1.51957547726404885e+00, 2.68817525028346882e+00,-1.70629984025762710e-01,-1.03766191300681751e-02, 1.27383873885440613e+00, 7.64081473591666366e-02, 1.53236093204029356e+00, 9.88618297170537508e-01,-9.60442411750131342e+00
 2.80082576260112737e-01, 2.11500000000087311e+01,-6.28453010107009880e-02,-3.59538381024419484e+00,-3.97299277257976025e+00, 2.56006190467358818e+00, 1.06623009984480224e-01, 1.52396962652956702e+00, 2.67847245290842295e+00,-1.73303548318809897e-01,-1.03988537893858809e-02, 1.27343341135426202e+00, 7.60936265608086887e-02, 1.53401461042387588e+00, 9.82745262794330166e-01,-9.75040846887655910e+00
 2.80281540443817423e-01, 2.12000000000116415e+01,-6.29156700816005110e-02,-3.58191735766868469e+00,-3.96382847964274498e+00, 2.55115113916624336e+00, 1.07805985175660299e-01, 1.52832329596396765e+00, 2.66872727886005157e+00,-1.76013620724910863e-01,-1.04211012028142848e-02, 1.27302620478813067e+00, 7.57790289169775616e-02, 1.53567355102472414e+00, 9.76881924338372842e-01,-9.89647655891184819e+00
 2.80481148383457335e-01, 2.12500000000000000e+01,-6.29860758999231107e-02,-3.56813275533287788e+00,-3.95467012476867774e+00, 2.54223652086851715e+00, 1.09002381750507055e-01, 1.53263649825339332e+00, 2.65893982348114433e+00,-1.78760743579088305e-01,-1.04433630113058371e-02, 1.27261707887391950e+00, 7.54643292535098348e-02, 1.53733791078887405e+00, 9.71028529278394559e-01,-1.00426391614794159e+01
 2.80681419654094655e-01, 2.13000000000029104e+01,-6.30565235653689354e-02,-3.55402976919789637e+00,-3.94551757663538849e+00, 2.53331739364213249e+00, 1.10212441529122948e-01, 1.53690923904473697e+00, 2.64911017609548471e+00,-1.81545472267779978e-01,-1.04656408547079537e-02, 1.27220599280883495e+00, 7.51495023924707850e-02, 1.53900785217438640e+00, 9.65185320476275810e-01,-1.01889070431962914e+01
 2.80882374350345132e-01, 2.13500000000058208e+01,-6.31270181635275041e-02,-3.53960817747943279e+00,-3.93637067953844388e+00, 2.52439310199686862e+00, 1.11436411776713859e-01, 1.54114151612080552e+00, 2.63923841893413469e+00,-1.84368376573163045e-01,-1.04879363719051974e-02, 1.27179290526080235e+00, 7.48345231586968057e-02, 1.54068354196964585e+00, 9.59352535644058979e-01,-1.03352909643577622e+01
 2.81084041576907973e-01, 2.14000000000087311e+01,-6.31975645474511655e-02,-3.52486794000468162e+00,-3.92722909093345018e+00, 2.51546299310595467e+00, 1.12674545002760085e-01, 1.54533333946841278e+00, 2.62932467857470709e+00,-1.87230021098689470e-01,-1.05102511951177986e-02, 1.27137777446861255e+00, 7.45193658227577688e-02, 1.54236522209531945e+00, 9.53530431730088557e-01,-1.04818016415036510e+01
 2.81286444578161599e-01, 2.14500000000116415e+01,-6.32681677209247922e-02,-3.50980890411188717e+00,-3.91809256776116976e+00, 2.50652641325595704e+00, 1.13927099628957210e-01, 1.54948469568344338e+00, 2.61936903597795645e+00,-1.90130999923643074e-01,-1.05325869599206048e-02, 1.27096055805028607e+00, 7.42040050640317972e-02, 1.54405308560573218e+00, 9.47719242018537522e-01,-1.06284498131988645e+01
 2.81489604879305466e-01, 2.15000000000000000e+01,-6.33388327315443644e-02,-3.49443088570632199e+00,-3.90896088801534969e+00, 2.49758270882827338e+00, 1.15194339966236486e-01, 1.55359555752159784e+00, 2.60937155196792681e+00,-1.93071927433565549e-01,-1.05549453024572602e-02, 1.27054121304737899e+00, 7.38884157039691458e-02, 1.54574731121529285e+00, 9.41919188320054612e-01,-1.07752462217429006e+01
 2.81693547267271249e-01, 2.15500000000029104e+01,-6.34095645426612647e-02,-3.47873376898127828e+00,-3.89983375565747492e+00, 2.48863122748081622e+00, 1.16476536152839302e-01, 1.55766589560685564e+00, 2.59933229743469729e+00,-1.96053426901755090e-01,-1.05773278560945139e-02, 1.27011969598096419e+00, 7.35725723775753904e-02, 1.54744810483432804e+00, 9.36130495248584382e-01,-1.09222015912031498e+01
 2.81898297306809043e-01, 2.16000000000058208e+01,-6.34803680973192036e-02,-3.46271745746174542e+00,-3.89071084908480413e+00, 2.47967131756578318e+00, 1.17773964373509357e-01, 1.56169567230134043e+00, 2.58925133848278755e+00,-1.99076136488593625e-01,-1.05997362530618720e-02, 1.26969596281454233e+00, 7.32564496933268694e-02, 1.54915567885557337e+00, 9.30353383108295962e-01,-1.10693266381803266e+01
 2.82103876806035159e-01, 2.16500000000087311e+01,-6.35512483875353001e-02,-3.44638230951040692e+00,-3.88159173866713436e+00, 2.47070233230808034e+00, 1.19086906349357549e-01, 1.56568484981863709e+00, 2.57912876719763284e+00,-2.02140704917179698e-01,-1.06221721135382023e-02, 1.26926996915488388e+00, 7.29400227202496448e-02, 1.55087021433548911e+00, 9.24588082066927996e-01,-1.12166320001552062e+01
 2.82310306169905878e-01, 2.17000000000116415e+01,-6.36222104181039388e-02,-3.42972891956567283e+00,-3.87247593048019434e+00, 2.46172362763337071e+00, 1.20415649775363370e-01, 1.56963338584027134e+00, 2.56896468563378511e+00,-2.05247793974312392e-01,-1.06446370513140452e-02, 1.26884167014116778e+00, 7.26232667363658213e-02, 1.55259188061741882e+00, 9.18834824571622244e-01,-1.13641282726652193e+01
 2.82517615255076571e-01, 2.17500000000000000e+01,-6.36932590414443639e-02,-3.41275707318608745e+00,-3.86336306611336688e+00, 2.45273455212418590e+00, 1.21760490016203954e-01, 1.57354121335903563e+00, 2.55875913283546641e+00,-2.08398089730359837e-01,-1.06671326999925806e-02, 1.26841101993737060e+00, 7.23061560514935975e-02, 1.55432092586384929e+00, 9.13093811619997475e-01,-1.15118261813301004e+01
 2.82725830328289240e-01, 2.18000000000029104e+01,-6.37643991565745583e-02,-3.39546699759897530e+00,-3.85425268416346523e+00, 2.44373445906935816e+00, 1.23121728404136072e-01, 1.57740826435802095e+00, 2.54851217310652745e+00,-2.11592289679849943e-01,-1.06896606815364160e-02, 1.26797797232263365e+00, 7.19886654122746106e-02, 1.55605756828770869e+00, 9.07365253541756345e-01,-1.16597363753420140e+01
 2.82934978189300579e-01, 2.18500000000058208e+01,-6.38356356461385194e-02,-3.37785896817706632e+00,-3.84514429646317346e+00, 2.43472270266323898e+00, 1.24499672959397290e-01, 1.58123446209072371e+00, 2.53822386827215851e+00,-2.14831107103329144e-01,-1.07122226161801230e-02, 1.26754248049626361e+00, 7.16707695562943115e-02, 1.55780203053587729e+00, 9.01649357082306868e-01,-1.18078694925474288e+01
 2.83145089466400324e-01, 2.19000000000087311e+01,-6.39069732764556281e-02,-3.35993332856870186e+00,-3.83603735901934595e+00, 2.42569864067347485e+00, 1.25894638109733031e-01, 1.58501972323814577e+00, 2.52789429029310808e+00,-2.18115269229085446e-01,-1.07348201155419501e-02, 1.26710449720417806e+00, 7.13524430486767863e-02, 1.55955456717598251e+00, 8.95946330796294266e-01,-1.19562361142213760e+01
 2.83356214407583851e-01, 2.19500000000116415e+01,-6.39784162183932165e-02,-3.34169058529418805e+00,-3.82693113053984479e+00, 2.41666164729877053e+00, 1.27306942737670153e-01, 1.58876396904411132e+00, 2.51752358097942741e+00,-2.21445507384454149e-01,-1.07574547494593345e-02, 1.26666397538097564e+00, 7.10336595001831439e-02, 1.56131559641603967e+00, 8.90256410716223079e-01,-1.21048465473218254e+01
 2.83568374171937587e-01, 2.20000000000000000e+01,-6.40499695270491248e-02,-3.32313112239887865e+00,-3.81782511127336521e+00, 2.40761107351369708e+00, 1.28736916682622632e-01, 1.59246709062853387e+00, 2.50711176761152377e+00,-2.24822588037254856e-01,-1.07801281482421997e-02, 1.26622086615603902e+00, 7.07143939446755326e-02, 1.56308529381945460e+00, 8.84579780482884770e-01,-1.22537114958462716e+01
 2.83781602671054289e-01, 2.20500000000029104e+01,-6.41216378704628082e-02,-3.30425544732951915e+00,-3.80871866702672968e+00, 2.39854628111794810e+00, 1.30184895480392998e-01, 1.59612897836270329e+00, 2.49665892177383020e+00,-2.28247286673085192e-01,-1.08028419148600823e-02, 1.26577512054742924e+00, 7.03946207990977652e-02, 1.56486394130177264e+00, 8.78916640102093916e-01,-1.24028414842855454e+01
 2.83995934869651301e-01, 2.21000000000058208e+01,-6.41934258851932366e-02,-3.28506412354918886e+00,-3.79961113497939040e+00, 2.38946663322516173e+00, 1.31651222026642672e-01, 1.59974951346251903e+00, 2.48616511507609728e+00,-2.31720395387511352e-01,-1.08255976494625560e-02, 1.26532668898009915e+00, 7.00743144294085768e-02, 1.56665182954564242e+00, 8.73267186658220340e-01,-1.25522470186156241e+01
 2.84211406785817133e-01, 2.21500000000087311e+01,-6.42653381765145582e-02,-3.26555777146348936e+00,-3.79050182417032877e+00, 2.38037149424942873e+00, 1.33136246740470005e-01, 1.60332856783433297e+00, 2.47563041926207061e+00,-2.35242723134195447e-01,-1.08483969494055938e-02, 1.26487552127769187e+00, 6.97534491473028595e-02, 1.56844925800107271e+00, 8.67631614275872542e-01,-1.27019385864708596e+01
 2.84428054243633932e-01, 2.22000000000116415e+01,-6.43373791300546199e-02,-3.24573792710489872e+00,-3.78138981659794604e+00, 2.37126025497453385e+00, 1.34640323464568168e-01, 1.60686601750474845e+00, 2.46505500405998834e+00,-2.38815079623188264e-01,-1.08712413448084650e-02, 1.26442156793795291e+00, 6.94320001638309009e-02, 1.57025652447779973e+00, 8.62010153850643723e-01,-1.28519262340347780e+01
 2.84645915562830143e-01, 2.22500000000000000e+01,-6.44095533182034719e-02,-3.22560520254411776e+00,-3.77227439786923968e+00, 2.36213227849371954e+00, 1.36163818701088513e-01, 1.61036171348982515e+00, 2.45443892595221813e+00,-2.42438310567723025e-01,-1.08941324374957228e-02, 1.26396477737326673e+00, 6.91099415236409997e-02, 1.57207394757985930e+00, 8.56402986771944152e-01,-1.30022204782806909e+01
 2.84865029766275313e-01, 2.23000000000029104e+01,-6.44818652295351541e-02,-3.20516051052063045e+00,-3.76315477078554439e+00, 2.35298693622691912e+00, 1.37707105788974438e-01, 1.61381550085275194e+00, 2.44378226937315235e+00,-2.46113274701958651e-01,-1.09170718084158087e-02, 1.26350509773056574e+00, 6.87872474766577091e-02, 1.57390185175068309e+00, 8.50810302538751562e-01,-1.31528316991172733e+01
 2.85085436791277680e-01, 2.23500000000058208e+01,-6.45543193007464128e-02,-3.18440492272446063e+00,-3.75403008969999297e+00, 2.34382360368114062e+00, 1.39270565761685616e-01, 1.61722721634388256e+00, 2.43308513006652127e+00,-2.49840846723743237e-01,-1.09400610285312304e-02, 1.26304247667096492e+00, 6.84638923132304816e-02, 1.57574056903312187e+00, 8.45232291824364212e-01,-1.33037702108892972e+01
 2.85307177599978312e-01, 2.24000000000087311e+01,-6.46269199335041677e-02,-3.16333959574241375e+00,-3.74489947851223626e+00, 2.33464165822260217e+00, 1.40854587898160938e-01, 1.62059668708536764e+00, 2.42234760651928571e+00,-2.53621918981588090e-01,-1.09631016645365606e-02, 1.26257686124853041e+00, 6.81398502761804831e-02, 1.57759043998767190e+00, 8.39669142881616537e-01,-1.34550462999199443e+01
 2.85530321016809696e-01, 2.24500000000116415e+01,-6.46996707070137539e-02,-3.14196587506217107e+00,-3.73576191279195768e+00, 2.32544049843765066e+00, 1.42459566432541318e-01, 1.62392373682038249e+00, 2.41156987093305242e+00,-2.57457388272410714e-01,-1.09861952291831697e-02, 1.26210819891252335e+00, 6.78150940766215210e-02, 1.57945203758542241e+00, 8.34121066815699752e-01,-1.36066698983617282e+01
 2.85754924563770107e-01, 2.25000000000000000e+01,-6.47725755290890354e-02,-3.12028514907905308e+00,-3.72661639303401770e+00, 2.31621951587978447e+00, 1.44085905669025627e-01, 1.62720817677292473e+00, 2.40075206532461660e+00,-2.61348175463805621e-01,-1.10093432537482373e-02, 1.26163643604062958e+00, 6.74895970256439021e-02, 1.58132584047680780e+00, 8.28588260145122435e-01,-1.37586510600005969e+01
 2.85981029198536074e-01, 2.25500000000029104e+01,-6.48456387895435804e-02,-3.09829882875348162e+00,-3.71746196791032135e+00, 2.30697809125414688e+00, 1.45734020953791649e-01, 1.63044980406353357e+00, 2.38989428813058602e+00,-2.65295228587169252e-01,-1.10325472978172606e-02, 1.26116151772034635e+00, 6.71633333410103089e-02, 1.58321218908130201e+00, 8.23070900063343602e-01,-1.39110000244842524e+01
 2.86208689654392001e-01, 2.26000000000058208e+01,-6.49188644698873857e-02,-3.07600846518994286e+00,-3.70829760091904204e+00, 2.29771561632443966e+00, 1.47404334936562603e-01, 1.63364840880433437e+00, 2.37899667443123741e+00,-2.69299507871307298e-01,-1.10558088930784240e-02, 1.26068338888408782e+00, 6.68362764692376626e-02, 1.58511153869951071e+00, 8.17569173011079564e-01,-1.40637268482971241e+01
 2.86437962654063905e-01, 2.26500000000087311e+01,-6.49922564897339045e-02,-3.05341570648120353e+00,-3.69912222264740143e+00, 2.28843148539460639e+00, 1.49097279271151045e-01, 1.63680377124076326e+00, 2.36805936480054768e+00,-2.73361991870276322e-01,-1.10791295651667416e-02, 1.26020199385902143e+00, 6.65083997275384559e-02, 1.58702436118248658e+00, 8.12083263400636413e-01,-1.42168415481808612e+01
 2.86668920842675312e-01, 2.27000000000116415e+01,-6.50658182923734563e-02,-3.03052221193083593e+00,-3.68993468325953966e+00, 2.27912510618427300e+00, 1.50813292752818157e-01, 1.63991566390553811e+00, 2.35708254386282823e+00,-2.77483671621087613e-01,-1.11025108057781104e-02, 1.25971727693845859e+00, 6.61796755379900764e-02, 1.58895126117146335e+00, 8.06613365684639705e-01,-1.43703539180457458e+01
 2.86901657311814051e-01, 2.27500000000000000e+01,-6.51395527116997997e-02,-3.00732962473729604e+00,-3.68073373754446509e+00, 2.26979590336354287e+00, 1.52552820727867605e-01, 1.64298385249845724e+00, 2.34606645238123956e+00,-2.81665548729471193e-01,-1.11259540635980248e-02, 1.25922918257550553e+00, 6.58500751542111656e-02, 1.59089301384278659e+00, 8.01159687916200736e-01,-1.45242734694120141e+01
 2.87136224805860485e-01, 2.28000000000029104e+01,-6.52134637813082535e-02,-2.98383995548995351e+00,-3.67151825352896077e+00, 2.26044327107475329e+00, 1.54316324323430704e-01, 1.64600808590058745e+00, 2.33501121952168367e+00,-2.85908662283628823e-01,-1.11494608660028163e-02, 1.25873765284135586e+00, 6.55195719845148711e-02, 1.59285005769147103e+00, 7.95722398697338740e-01,-1.46786102304541295e+01
 2.87372697566085578e-01, 2.28500000000058208e+01,-6.52875548935999417e-02,-2.96005519602424227e+00,-3.66228700046850264e+00, 2.25106662122933354e+00, 1.56104271560978919e-01, 1.64898810598264611e+00, 2.32391703396640059e+00,-2.90214062129130979e-01,-1.11730326952479662e-02, 1.25824262998454972e+00, 6.51881382170680507e-02, 1.59482301049492481e+00, 7.90301681177179027e-01,-1.48333739331001624e+01
 2.87611152803408210e-01, 2.29000000000087311e+01,-6.53618293519644122e-02,-2.93597743725348570e+00,-3.65303871266111813e+00, 2.24166536902927405e+00, 1.57917140269099143e-01, 1.65192364461758290e+00, 2.31278409261743656e+00,-2.94582817176252676e-01,-1.11966710255743465e-02, 1.25774405565579750e+00, 6.48557458193255582e-02, 1.59681251473298746e+00, 7.84897716680000412e-01,-1.49885742566573068e+01
 2.87851666115417015e-01, 2.29500000000116415e+01,-6.54362904501067100e-02,-2.91160912421749885e+00,-3.64377208139847086e+00, 2.23223893598438039e+00, 1.59755417690205209e-01, 1.65481442370401477e+00, 2.30161260904762299e+00,-2.99016014032301491e-01,-1.12203773154831554e-02, 1.25724187106426544e+00, 6.45223670116211317e-02, 1.59881919934325833e+00, 7.79510686731983982e-01,-1.51442207770919612e+01
 2.88094240386035150e-01, 2.30000000000000000e+01,-6.55109426956922980e-02,-2.88695700509330910e+00,-3.63448562788676233e+00, 2.22278679674406066e+00, 1.61619591215379943e-01, 1.65766015661695887e+00, 2.29040294382924969e+00,-3.03514731961660122e-01,-1.12441528879336419e-02, 1.25673601952780056e+00, 6.41879817392802116e-02, 1.60084308649525253e+00, 7.74140806042989738e-01,-1.53003221804534881e+01
 2.88338988061389856e-01, 2.30500000000029104e+01,-6.55857886697641529e-02,-2.86202206189006603e+00,-3.62517803056760757e+00, 2.21330835902325695e+00, 1.63510172526000253e-01, 1.66046054498863005e+00, 2.27915526936009227e+00,-3.08080107454347052e-01,-1.12679992374716213e-02, 1.25622643994713390e+00, 6.38525585621887715e-02, 1.60288511237627862e+00, 7.68788236966653882e-01,-1.54568882793636391e+01
 2.88585982204777436e-01, 2.31000000000058208e+01,-6.56608315950926169e-02,-2.83680772795296177e+00,-3.61584785755683980e+00, 2.20380306172260898e+00, 1.65427678369855613e-01, 1.66321528106203376e+00, 2.26786984411873016e+00,-3.12713282079384924e-01,-1.12919177792461453e-02, 1.25571307211280625e+00, 6.35160702380675041e-02, 1.60494588448429853e+00, 7.63453159338282283e-01,-1.56139283651550738e+01
 2.88835297158898552e-01, 2.31500000000087311e+01,-6.57360746350614811e-02,-2.81131765187356475e+00,-3.60649363988548499e+00, 2.19427034813120869e+00, 1.67372636059281710e-01, 1.66592404707071573e+00, 2.25654693769295855e+00,-3.17415417001135347e-01,-1.13159099175441508e-02, 1.25519585524976263e+00, 6.31784894660584045e-02, 1.60702602087736035e+00, 7.58135751190161633e-01,-1.57714516578439099e+01
 2.89087008545788005e-01, 2.32000000000116415e+01,-6.58115208938725715e-02,-2.78555570111340556e+00,-3.59711387158288920e+00, 2.18470966592644489e+00, 1.69345583688216894e-01, 1.66858651522945811e+00, 2.24518683076019432e+00,-3.22187693222663163e-01,-1.13399770457835447e-02, 1.25467472801065116e+00, 6.28397888820494549e-02, 1.60912615016374305e+00, 7.52836188607793000e-01,-1.59294673060843603e+01
 2.89341278520270417e-01, 2.32500000000000000e+01,-6.58871711143985683e-02,-2.75952405309873683e+00,-3.58770695538830386e+00, 2.17512050883875618e+00, 1.71347061486033597e-01, 1.67120234396153089e+00, 2.23378989874259481e+00,-3.27031287489842060e-01,-1.13641204401322537e-02, 1.25414963078768760e+00, 6.24999352714289969e-02, 1.61124762279370493e+00, 7.47554662198538167e-01,-1.60879836887116561e+01
 2.89598216008423059e-01, 2.33000000000029104e+01,-6.59630274587362786e-02,-2.73322631567306207e+00,-3.57827129274696309e+00, 2.16550234832574340e+00, 1.73377626248566119e-01, 1.67377118464772989e+00, 2.22235647387570312e+00,-3.31947411978346874e-01,-1.13883414339298120e-02, 1.25362050193839281e+00, 6.21588989565967573e-02, 1.61339134495736714e+00, 7.42291349451657756e-01,-1.62470095599281699e+01
 2.89857929787353141e-01, 2.33500000000058208e+01,-6.60390920715243773e-02,-2.70666635080748685e+00,-3.56880524947844169e+00, 2.15585465953704292e+00, 1.75437846229056726e-01, 1.67629267896216372e+00, 2.21088689771365576e+00,-3.36937299647137700e-01,-1.14126413513978807e-02, 1.25308727920378904e+00, 6.18166502417569139e-02, 1.61555822143674055e+00, 7.37046425092864776e-01,-1.64065536140717541e+01
 2.90120546373805077e-01, 2.34000000000087311e+01,-6.61153665831175213e-02,-2.67984797356316928e+00,-3.55930714407499371e+00, 2.14617693178737223e+00, 1.77528299070360190e-01, 1.67876645819909975e+00, 2.19938154479406611e+00,-3.42002197176875855e-01,-1.14370214808773903e-02, 1.25254990029179014e+00, 6.14731582383035782e-02, 1.61774930484003954e+00, 7.31820064988128682e-01,-1.65666243099009733e+01
 2.90386178355360181e-01, 2.34500000000116415e+01,-6.61918528864271077e-02,-2.65277618487763212e+00,-3.54977526574756919e+00, 2.13646866208552000e+00, 1.79649573352499536e-01, 1.68119214470048228e+00, 2.18784082374521915e+00,-3.47143363244847125e-01,-1.14614830912688585e-02, 1.25200830251774442e+00, 6.11283933240789196e-02, 1.61996553136175581e+00, 7.26612443010177023e-01,-1.67272299785360232e+01
 2.90654960942440865e-01, 2.35000000000000000e+01,-6.62685523079729333e-02,-2.62545532734240927e+00,-3.54020785558534623e+00, 2.12672935498135063e+00, 1.81802268834569875e-01, 1.68356935052196066e+00, 2.17626514812907956e+00,-3.52362080030687641e-01,-1.14860274325604989e-02, 1.25146242278998776e+00, 6.07823240177861185e-02, 1.62220802572707590e+00, 7.21423731561940285e-01,-1.68883788269260435e+01
 2.90927027289767992e-01, 2.35500000000029104e+01,-6.63454661627310704e-02,-2.59789022036004980e+00,-3.53060312624657691e+00, 2.11695852337233248e+00, 1.83986996463100211e-01, 1.68589767803281498e+00, 2.16465495652068984e+00,-3.57659644795006226e-01,-1.15106557336686274e-02, 1.25091219765527661e+00, 6.04349190931205565e-02, 1.62447789527074948e+00, 7.16254099228668895e-01,-1.70500789236701067e+01
 2.91202514911910904e-01, 2.36000000000058208e+01,-6.64225956152862396e-02,-2.57008595808021223e+00,-3.52095925155558076e+00, 2.10715568776243867e+00, 1.86204378736969600e-01, 1.68817672026674837e+00, 2.15301070658742510e+00,-3.63037372984413798e-01,-1.15353692043415213e-02, 1.25035756325414660e+00, 6.00861469979287674e-02, 1.62677628344135972e+00, 7.11103712500981477e-01,-1.72123382115172063e+01
 2.91481567573418865e-01, 2.36500000000087311e+01,-6.64999416257242015e-02,-2.54204786753447332e+00,-3.51127436634725676e+00, 2.09732037766379786e+00, 1.88455049586187723e-01, 1.69040606079338041e+00, 2.14133287658044180e+00,-3.68496597539563153e-01,-1.15601690315780790e-02, 1.24979845539909329e+00, 5.97359757259782118e-02, 1.62910438554585491e+00, 7.05972735508680560e-01,-1.73751644838524939e+01
 2.91764339926843475e-01, 2.37000000000116415e+01,-6.65775048076031051e-02,-2.51378133391562830e+00,-3.50154657133926817e+00, 2.08745213602971313e+00, 1.90739653517575269e-01, 1.69258527289433336e+00, 2.12962197071277348e+00,-3.74038665737237042e-01,-1.15850563683176921e-02, 1.24923480983043933e+00, 5.93843725473498091e-02, 1.63146348741548097e+00, 7.00861328468161848e-01,-1.75385653104393207e+01
 2.92050985991577416e-01, 2.37500000000000000e+01,-6.66552857719664993e-02,-2.48529215049902730e+00,-3.49177392859434521e+00, 2.07755050968470023e+00, 1.93058848024250967e-01, 1.69471392164484325e+00, 2.11787850731089700e+00,-3.79664945773073248e-01,-1.16100323578288457e-02, 1.24866656166528389e+00, 5.90313046717376791e-02, 1.63385486925638856e+00, 6.95769649212918395e-01,-1.77025481975455570e+01
 2.92341719863724481e-01, 2.38000000000029104e+01,-6.67332836806167340e-02,-2.45658532381034522e+00,-3.48195447172245531e+00, 2.06761505828926317e+00, 1.95413301686001434e-01, 1.69679156263970166e+00, 2.10610303615809924e+00,-3.85376816626184782e-01,-1.16350981108141339e-02, 1.24809364591451799e+00, 5.86767342245043885e-02, 1.63628031208770253e+00, 6.90697850522448697e-01,-1.78671204376237043e+01
 2.92636746709516449e-01, 2.38500000000058208e+01,-6.68114978496512218e-02,-2.42766635560173816e+00,-3.47208619498350846e+00, 2.05764534959456924e+00, 1.97803695471490931e-01, 1.69881774272731101e+00, 2.09429612395136111e+00,-3.91175676803113437e-01,-1.16602547175415298e-02, 1.24751599720818485e+00, 5.83206240559250785e-02, 1.63874152199150602e+00, 6.85646082213420938e-01,-1.80322891889603483e+01
 2.92936254720187805e-01, 2.39000000000087311e+01,-6.68899279079429587e-02,-2.39854145371677507e+00,-3.46216705932457813e+00, 2.04764096201179147e+00, 2.00230722311979220e-01, 1.70079199993939301e+00, 2.08245836180637989e+00,-3.97062939664249825e-01,-1.16855032412624456e-02, 1.24693354994597927e+00, 5.79629385452166898e-02, 1.64124006296666014e+00, 6.80614489723266769e-01,-1.81980614324615217e+01
 2.93240386216797155e-01, 2.39500000000116415e+01,-6.69685744213921880e-02,-2.36921815719126183e+00,-3.45219499840779998e+00, 2.03760148742343228e+00, 2.02695086572688560e-01, 1.70271386344382525e+00, 2.07059037263164791e+00,-4.03040028604258527e-01,-1.17108447110135759e-02, 1.24634623846637882e+00, 5.76036462753841891e-02, 1.64377711586354924e+00, 6.75603212750436000e-01,-1.83644439243924182e+01
 2.93549345800097339e-01, 2.40000000000000000e+01,-6.70474365193800548e-02,-2.33970311730380454e+00,-3.44216790391814520e+00, 2.02752652405334244e+00, 2.05197505990926427e-01, 1.70458285457464020e+00, 2.05869279257298965e+00,-4.09108388734807593e-01,-1.17362801398376276e-02, 1.24575399662740605e+00, 5.72427102453518868e-02, 1.64635438053892469e+00, 6.70612388158440598e-01,-1.85314433160077172e+01
 2.93863491956273482e-01, 2.40500000000029104e+01,-6.71265098336149141e-02,-2.31000044001373306e+00,-3.43208366025125811e+00, 2.01741567792516729e+00, 2.07738711534362130e-01, 1.70639848703701369e+00, 2.04676629060786208e+00,-4.15269471687575276e-01,-1.17618105209724658e-02, 1.24515675789227243e+00, 5.68800796378025400e-02, 1.64897483986766691e+00, 6.65642142551542637e-01,-1.86990661285310722e+01
 2.94183100166760580e-01, 2.41000000000058208e+01,-6.72057917949527295e-02,-2.28011618741762456e+00,-3.42194010452608977e+00, 2.00726856684414567e+00, 2.10319446601239662e-01, 1.70816026643760122e+00, 2.03481155420867532e+00,-4.21524748502652424e-01,-1.17874368177771048e-02, 1.24455445556514155e+00, 5.65157109107300576e-02, 1.65164078355992139e+00, 6.60692600547480025e-01,-1.88673186870128511e+01
 2.94508415800918133e-01, 2.41500000000087311e+01,-6.72852804558407569e-02,-2.25005743783640977e+00,-3.41173504932670690e+00, 1.99708481850186637e+00, 2.12940467673018857e-01, 1.70986769081954471e+00, 2.02282929659318045e+00,-4.27875702392896851e-01,-1.18131599685112696e-02, 1.24394702268212609e+00, 5.61495631060872635e-02, 1.65435424936212860e+00, 6.55763879635719027e-01,-1.90362071517110536e+01
 2.94839502120807395e-01, 2.42000000000116415e+01,-6.73649778750768646e-02,-2.21983535436646928e+00,-3.40146628975764509e+00, 1.98686407195593118e+00, 2.15602544112743988e-01, 1.71152025064625390e+00, 2.01082025995356739e+00,-4.34323825491687965e-01,-1.18389808825458721e-02, 1.24333439210309704e+00, 5.57816116560451089e-02, 1.65711575529756838e+00, 6.50856088255301946e-01,-1.92057374932106342e+01
 2.95176508083541456e-01, 2.42500000000000000e+01,-6.74448840385017401e-02,-2.18945950420913293e+00,-3.39113158197392561e+00, 1.97660598608141047e+00, 2.18306456075444771e-01, 1.71311742805450962e+00, 1.99878521511077079e+00,-4.40870621591287259e-01,-1.18649004188419241e-02, 1.24271649702995557e+00, 5.54118247063768235e-02, 1.65992653342779595e+00, 6.45969330076541004e-01,-1.93759153511242630e+01
 2.95519779967569007e-01, 2.43000000000029104e+01,-6.75249943742028819e-02,-2.15893599063037955e+00,-3.38072865388410904e+00, 1.96631024009202360e+00, 2.21052994398199143e-01, 1.71465869720379738e+00, 1.98672496429028578e+00,-4.47517602431931616e-01,-1.18909193845960510e-02, 1.24209327105570444e+00, 5.50401528374577440e-02, 1.66278946063086908e+00, 6.41103701604992526e-01,-1.95467460251992300e+01
 2.95869663378597825e-01, 2.43500000000058208e+01,-6.76053042878665411e-02,-2.12827157704043080e+00,-3.37025521505708481e+00, 1.95597652250826437e+00, 2.23842963638432257e-01, 1.71614352617492205e+00, 1.97464033405224271e+00,-4.54266290210414037e-01,-1.19170385633422908e-02, 1.24146464750438379e+00, 5.46665464214648941e-02, 1.66570740700150366e+00, 6.36259290833965152e-01,-1.97182346598232741e+01
 2.96226310646688362e-01, 2.44000000000087311e+01,-6.76858134364944214e-02,-2.09747683118092132e+00,-3.35970895605779374e+00, 1.94560453304143222e+00, 2.26677181742771600e-01, 1.71757137702100593e+00, 1.96253217652694190e+00,-4.61118216437559181e-01,-1.19432587101415168e-02, 1.24083055954985766e+00, 5.42909733160592198e-02, 1.66868162958967980e+00, 6.31436177013010136e-01,-1.98903862124400703e+01
 2.96590307823960786e-01, 2.44500000000116415e+01,-6.77665117898528374e-02,-2.06655421137082085e+00,-3.34908755622550025e+00, 1.93519397903832413e+00, 2.29556481203570029e-01, 1.71894170644593003e+00, 1.95040136790199625e+00,-4.68074921120727294e-01,-1.19695805606311930e-02, 1.24019094000056285e+00, 5.39133614257568811e-02, 1.67171700108425791e+00, 6.26634429080188737e-01,-2.00632055129666043e+01
 2.96961630471141713e-01, 2.45000000000000000e+01,-6.78474028919496402e-02,-2.03551838261576101e+00,-3.33838868463524863e+00, 1.92474457468151394e+00, 2.32481709504362394e-01, 1.72025396611922976e+00, 1.93824880780929054e+00,-4.75137952519649909e-01,-1.19960048330578876e-02, 1.23954572124989482e+00, 5.35336942774897739e-02, 1.67481330177139420e+00, 6.21854105109374999e-01,-2.02366972771377824e+01
 2.97340764458986884e-01, 2.45500000000029104e+01,-6.79284787324519468e-02,-2.00437388821301976e+00,-3.32760998135618635e+00, 1.91425606212353072e+00, 2.35453723282130184e-01, 1.72150760070170983e+00, 1.92607543038475915e+00,-4.82308862058254129e-01,-1.20225321744087971e-02, 1.23889483660022859e+00, 5.31519089543692827e-02, 1.67797456587348504e+00, 6.17095255379117025e-01,-2.04108657528264779e+01
 2.97727825384571654e-01, 2.46000000000058208e+01,-6.80097395338339628e-02,-1.97313272328629496e+00,-3.31674908491854747e+00, 1.90372818764401552e+00, 2.38473395125087390e-01, 1.72270205093452278e+00, 1.91388219159783390e+00,-4.89589207633838397e-01,-1.20491632211614744e-02, 1.23823821879300988e+00, 5.27679762795502938e-02, 1.68120173848108134e+00, 6.12357917803940000e-01,-2.05857151189032344e+01
 2.98122903409472784e-01, 2.46500000000087311e+01,-6.80911858247437579e-02,-1.94180713255437021e+00,-3.30580360592445022e+00, 1.89316073014387309e+00, 2.41541605460283360e-01, 1.72383675111989865e+00, 1.90167008406755356e+00,-4.96980546986665050e-01,-1.20758985266540726e-02, 1.23757580180842974e+00, 5.23818702205921458e-02, 1.68449555120755323e+00, 6.07642122214262947e-01,-2.07612490083767796e+01
 2.98526163707422409e-01, 2.47000000000116415e+01,-6.81728163353843147e-02,-1.91040794249957169e+00,-3.29477114614197486e+00, 1.88255348739527317e+00, 2.44659246412888082e-01, 1.72491113121755935e+00, 1.88944012969440744e+00,-5.04484438551871195e-01,-1.21027385961116445e-02, 1.23690752003137350e+00, 5.19935580597950947e-02, 1.68785735953769556e+00, 6.02947887515573377e-01,-2.09374707383634373e+01
 2.98937829829136859e-01, 2.47500000000000000e+01,-6.82546282653505171e-02,-1.87894416936860353e+00,-3.28364928955850699e+00, 1.87190628893646238e+00, 2.47827217912621717e-01, 1.72592461629510208e+00, 1.87719338615700182e+00,-5.12102437313670000e-01,-1.21296838537651493e-02, 1.23623330909597828e+00, 5.16030022482338313e-02, 1.69128900385856906e+00, 5.98275223324860717e-01,-2.11143830942030348e+01
 2.99358210265460334e-01, 2.48000000000029104e+01,-6.83366169704452547e-02,-1.84742303140697639e+00,-3.27243563642994895e+00, 1.86121896555507060e+00, 2.51046436753544100e-01, 1.72687662982560064e+00, 1.86493093069387106e+00,-5.19836099372315563e-01,-1.21567347206222465e-02, 1.23555310396613693e+00, 5.12101567693948254e-02, 1.69479303056959263e+00, 5.93624124422217347e-01,-2.12919888400723671e+01
 2.99787177056676346e-01, 2.48500000000058208e+01,-6.84187872079540377e-02,-1.81585942432114344e+00,-3.26112777732000270e+00, 1.85049137730732349e+00, 2.54317828235321841e-01, 1.72776659169967650e+00, 1.85265387427103256e+00,-5.27686975172019346e-01,-1.21838915430406702e-02, 1.23486684073829922e+00, 5.08150173251546503e-02, 1.69836834619322152e+00, 5.88994574927588777e-01,-2.14702902500251334e+01
 3.00224774357993440e-01, 2.49000000000087311e+01,-6.85011397007212058e-02,-1.78426435211005896e+00,-3.24972329955100037e+00, 1.83972341316962051e+00, 2.57642326039671632e-01, 1.72859391908294624e+00, 1.84036336107637499e+00,-5.35656607310547095e-01,-1.22111545935980077e-02, 1.23417445665786008e+00, 5.04175642125229209e-02, 1.70201529033489019e+00, 5.84386547803737333e-01,-2.16492891137025367e+01
 3.00670979240265202e-01, 2.49500000000116415e+01,-6.85836763751139916e-02,-1.75264849054404737e+00,-3.23821978817342870e+00, 1.82891499529670964e+00, 2.61020870636125613e-01, 1.72935802696400343e+00, 1.82806057025858615e+00,-5.43746527567222637e-01,-1.22385240602194394e-02, 1.23347589043648553e+00, 5.00177849950019376e-02, 1.70573364179971487e+00, 5.79800005133272678e-01,-2.18289866649501185e+01
 3.01125356798700339e-01, 2.50000000000000000e+01,-6.86664078920772303e-02,-1.72103010108823762e+00,-3.22661483020434181e+00, 1.81806608047415730e+00, 2.64454408465965796e-01, 1.73005832900899303e+00, 1.81574671616895844e+00,-5.51958254306235241e-01,-1.22660000424562269e-02, 1.23277108239511413e+00, 4.96157077426701079e-02, 1.70951974511248084e+00, 5.75234897953121438e-01,-2.20093835573837850e+01
 3.01587843988773474e-01, 2.50500000000029104e+01,-6.87493363390561940e-02,-1.68941881245407277e+00,-3.21490593973643390e+00, 1.80717667112644742e+00, 2.67943887944896819e-01, 1.73069424187684739e+00, 1.80342308554792741e+00,-5.60293304921378521e-01,-1.22935825232455710e-02, 1.23205997524494193e+00, 4.92113267178214409e-02, 1.71337304254411715e+00, 5.70691175244903648e-01,-2.21904796789756382e+01
 3.02057923947088858e-01, 2.51000000000058208e+01,-6.88324731385291655e-02,-1.65783272786679770e+00,-3.20309023658395819e+00, 1.79624683625196502e+00, 2.71490251826912055e-01, 1.73126520436926157e+00, 1.79109121302678775e+00,-5.68753277989112127e-01,-1.23212713147284499e-02, 1.23134251556596386e+00, 4.88046821820795548e-02, 1.71728919438036454e+00, 5.66168820042110554e-01,-2.23722737963145093e+01
 3.02535266536762881e-01, 2.51500000000087311e+01,-6.89158255426882277e-02,-1.62628217950527243e+00,-3.19116585861522584e+00, 1.78527664995057411e+00, 2.75094456919113439e-01, 1.73177060696116647e+00, 1.77875221122177263e+00,-5.77339535092993850e-01,-1.23490662179885306e-02, 1.23061864974511348e+00, 4.83957970292013609e-02, 1.72126541639606589e+00, 5.61667700463553077e-01,-2.25547646033910603e+01
 3.03019400428128083e-01, 2.52000000000116415e+01,-6.89994034194761074e-02,-1.59478055347064140e+00,-3.17913054824121355e+00, 1.77426623470677036e+00, 2.78757459229834970e-01, 1.73220986340641692e+00, 1.76640740042758115e+00,-5.86053496458492917e-01,-1.23769669097690046e-02, 1.22988832695438211e+00, 4.79847098583215115e-02, 1.72529774806221137e+00, 5.57187716228341734e-01,-2.27379499778235754e+01
 3.03509663178425593e-01, 2.52500000000000000e+01,-6.90832199391698126e-02,-1.56334415306178109e+00,-3.16698170423509362e+00, 1.76321580460759608e+00, 2.82480198393170900e-01, 1.73258240921651652e+00, 1.75405835080792261e+00,-5.94896599889174205e-01,-1.24049728322035736e-02, 1.22915150214100799e+00, 4.75714815739200353e-02, 1.72938063766449002e+00, 5.52728793694001519e-01,-2.29218262568732172e+01
 3.04005560088739579e-01, 2.53000000000029104e+01,-6.91672847249184264e-02,-1.53198445354401991e+00,-3.15471738148249070e+00, 1.75212555319273311e+00, 2.86263634907666042e-01, 1.73288765490105168e+00, 1.74170632237323941e+00,-6.03870140937918687e-01,-1.24330834810477912e-02, 1.22840812854432069e+00, 4.71561567770126810e-02, 1.73350993147889887e+00, 5.48290784821186317e-01,-2.31063901298619321e+01
 3.04506490576700206e-01, 2.53500000000058208e+01,-6.92516091459479677e-02,-1.50071503688284791e+00,-3.14233538027974157e+00, 1.74099572959121129e+00, 2.90108723802387725e-01, 1.73312503191075606e+00, 1.72935273849601945e+00,-6.12975440677552053e-01,-1.24612982095149288e-02, 1.22765816288900886e+00, 4.67387929846592581e-02, 1.73768059508729800e+00, 5.43873561329184185e-01,-2.32916373502330600e+01
 3.05011777127727257e-01, 2.54000000000087311e+01,-6.93362055686334439e-02,-1.46955039509532925e+00,-3.12983343053527774e+00, 1.72982665053281504e+00, 2.94016409311279592e-01, 1.73329398546136693e+00, 1.71699913303372509e+00,-6.22213793965574080e-01,-1.24896161979125026e-02, 1.22690156629849678e+00, 4.63194583825836392e-02, 1.74188695517994319e+00, 5.39476996948138110e-01,-2.34775625361961957e+01
 3.05520626928767358e-01, 2.54500000000116415e+01,-6.94210877359658918e-02,-1.43850657450436015e+00,-3.11720915598005055e+00, 1.71861875061347180e+00, 2.97987605368115083e-01, 1.73339398029663982e+00, 1.70464724799689926e+00,-6.31586446998475659e-01,-1.25180363251119146e-02, 1.22613830787941591e+00, 4.58982374828286674e-02, 1.74612238094387329e+00, 5.35100974042000521e-01,-2.36641583268456372e+01
 3.06032460920419414e-01, 2.55000000000000000e+01,-6.95062651583038815e-02,-1.40759566109685363e+00,-3.10446066909544482e+00, 1.70737240807028789e+00, 3.02023256477996993e-01, 1.73342447003002342e+00, 1.69229853342864756e+00,-6.41094560684049575e-01,-1.25465576146354830e-02, 1.22536835286470724e+00, 4.54751927281909010e-02, 1.75038202332763926e+00, 5.30745320763180040e-01,-2.38514183109987670e+01
 3.06546680260690318e-01, 2.55500000000029104e+01,-6.95917473459608804e-02,-1.37683027152499626e+00,-3.09158604153237038e+00, 1.69608804075239705e+00, 3.06124303486172533e-01, 1.73338492498160068e+00, 1.67995449977990874e+00,-6.50739275621377566e-01,-1.25751789885564288e-02, 1.22459166921642404e+00, 4.50503906861058970e-02, 1.75466087088386913e+00, 5.26409866154137096e-01,-2.40393354113966353e+01
 3.07062647109500986e-01, 2.56000000000058208e+01,-6.96775438753212545e-02,-1.34622378958764211e+00,-3.07858331706164945e+00, 1.68476614586684903e+00, 3.10291667798912318e-01, 1.73327483514509839e+00, 1.66761678246000966e+00,-6.60521678700322745e-01,-1.26038991659259709e-02, 1.22380823048373077e+00, 4.46239053628616281e-02, 1.75895359027858844e+00, 5.22094441304751578e-01,-2.42279012178147397e+01
 3.07579700725917948e-01, 2.56500000000087311e+01,-6.97636636775342267e-02,-1.31579026564107693e+00,-3.06545058616991239e+00, 1.67340734161281546e+00, 3.14526233714415182e-01, 1.73309371222117070e+00, 1.65528720420751019e+00,-6.70442717202621719e-01,-1.26327165563864894e-02, 1.22301801888266692e+00, 4.41958180634109826e-02, 1.76325466068604642e+00, 5.17798873250192471e-01,-2.44171052885672850e+01
 3.08097616214298153e-01, 2.57000000000116415e+01,-6.98501096782943171e-02,-1.28553636924038184e+00,-3.05218650937161584e+00, 1.66201184968551430e+00, 3.18829043602820772e-01, 1.73284103360596964e+00, 1.64296667178671774e+00,-6.80503477343117780e-01,-1.26616305837016618e-02, 1.22222098895203146e+00, 4.37661536803708243e-02, 1.76756218928780395e+00, 5.13522913097099631e-01,-2.46069438403048579e+01
 3.08615537620553437e-01, 2.57500000000000000e+01,-6.99368915228739257e-02,-1.25548048234888632e+00,-3.03878908801400938e+00, 1.65058067236167516e+00, 3.23200850767910608e-01, 1.73251637987202600e+00, 1.63065769415883910e+00,-6.90704685795786477e-01,-1.26906386751189648e-02, 1.22141715047599719e+00, 4.33350276987318830e-02, 1.77186903718517064e+00, 5.09266421666527913e-01,-2.47973999813088497e+01
 3.09133070155543310e-01, 2.58000000000029104e+01,-7.00240137993163453e-02,-1.22563275891901702e+00,-3.02525674504070130e+00, 1.63911424323284938e+00, 3.27642630200076002e-01, 1.73211929059577052e+00, 1.61836158516171547e+00,-7.01047324356424362e-01,-1.27197397120116431e-02, 1.22060647357637997e+00, 4.29024908573786487e-02, 1.77617190425304394e+00, 5.05029179711540377e-01,-2.49884663670997043e+01
 3.09649687175696575e-01, 2.58500000000058208e+01,-7.01114792463929382e-02,-1.19600708106948006e+00,-3.01158822322657116e+00, 1.62761352946005333e+00, 3.32155153930398406e-01, 1.73164936399202074e+00, 1.60608055584719978e+00,-7.11531958449599600e-01,-1.27489312116193781e-02, 1.21978896679629667e+00, 4.24686258431686489e-02, 1.78046639682849350e+00, 5.00810989397365458e-01,-2.51801266968135380e+01
 3.10164893905449823e-01, 2.59000000000087311e+01,-7.01992925879258850e-02,-1.16661610694707174e+00,-2.99778190209575968e+00, 1.61607918068259337e+00, 3.36739320084537885e-01, 1.73110620401993276e+00, 1.59381628172763579e+00,-7.22159414489144891e-01,-1.27782115024272693e-02, 1.21896461672168610e+00, 4.20335023233422769e-02, 1.78474838945035486e+00, 4.96611650487690626e-01,-2.53723699959165963e+01
 3.10678451282421220e-01, 2.59500000000116415e+01,-7.02874510443846773e-02,-1.13746987697852742e+00,-2.98383716137125043e+00, 1.60451207928104944e+00, 3.41395936236608577e-01, 1.73048942991393462e+00, 1.58157064191245200e+00,-7.32930121094979903e-01,-1.28075783183596720e-02, 1.21813342729242202e+00, 4.15971720780853663e-02, 1.78901588467848227e+00, 4.92430915056672136e-01,-2.55651813862145403e+01
 3.11189915330336409e-01, 2.60000000000000000e+01,-7.03759571891984653e-02,-1.10858103037698097e+00,-2.96975261038984728e+00, 1.59291298659032354e+00, 3.46125859016478077e-01, 1.72979869677783227e+00, 1.56934541844229858e+00,-7.43844744852148687e-01,-1.28370297020012850e-02, 1.21729539450073965e+00, 4.11597045407611078e-02, 1.79326518463912521e+00, 4.88268577538059689e-01,-2.57585480160599083e+01
 3.11699165843181081e-01, 2.60500000000029104e+01,-7.04648056482908708e-02,-1.07995818777803998e+00,-2.95552801509868690e+00, 1.58128278426612390e+00, 3.50929896018556786e-01, 1.72903366480015319e+00, 1.55714239662534681e+00,-7.54903550104175314e-01,-1.28665633886970703e-02, 1.21645052384557961e+00, 4.07211401289991268e-02, 1.79749528383057755e+00, 4.84124371379549834e-01,-2.59524550165854784e+01
 3.12205864897552698e-01, 2.61000000000058208e+01,-7.05539962161463585e-02,-1.05161299162258715e+00,-2.94116232076189821e+00, 1.56962228613154964e+00, 3.55808881753672923e-01, 1.72819403514451930e+00, 1.54496334258591927e+00,-7.66107040868813316e-01,-1.28961772865249184e-02, 1.21559881674849790e+00, 4.02815400193127365e-02, 1.80170337003485659e+00, 4.79998077753667651e-01,-2.61468886530230122e+01
 3.12709907532937481e-01, 2.61500000000087311e+01,-7.06435226295200336e-02,-1.02355445419341584e+00,-2.92665559339731063e+00, 1.55793243365126188e+00, 3.60763595195919495e-01, 1.72727952248655314e+00, 1.53281008540929320e+00,-7.77455282678900850e-01,-1.29258689773398029e-02, 1.21474028490991093e+00, 3.98409457312405291e-02, 1.80588856788234042e+00, 4.75889430410752434e-01,-2.63418330487481818e+01
 3.13211046643999791e-01, 2.62000000000116415e+01,-7.07333823411698676e-02,-9.95793323893679472e-01,-2.91200711727168526e+00, 1.54621408305971464e+00, 3.65794848261481620e-01, 1.72628987733619188e+00, 1.52068436774988602e+00,-7.88948603767762657e-01,-1.29556362603972502e-02, 1.21387493474030106e+00, 3.93994111537872699e-02, 1.81004882329245342e+00, 4.71798201546160756e-01,-2.65372737545063551e+01
 3.13709185626041887e-01, 2.62500000000000000e+01,-7.08235683135840233e-02,-9.68338149120635872e-01,-2.89721730113190068e+00, 1.53446824085005185e+00, 3.70903383957276955e-01, 1.72522487236240063e+00, 1.50858806051509164e+00,-8.00586853539359766e-01,-1.29854765507245486e-02, 1.21300278484663115e+00, 3.89569796783687597e-02, 1.81418333337547888e+00, 4.67724130408847860e-01,-2.67331937983457770e+01
 3.14204136643373932e-01, 2.63000000000029104e+01,-7.09140762885928505e-02,-9.41199184178844961e-01,-2.88228576071120424e+00, 1.52269581212837091e+00, 3.76089983806379147e-01, 1.72408431285877284e+00, 1.49652290406496369e+00,-8.12370166159959273e-01,-1.30153875221641711e-02, 1.21212384741353052e+00, 3.85137012241201920e-02, 1.81829053945085040e+00, 4.63666987356883997e-01,-2.69295779075972135e+01
 3.14695816311466370e-01, 2.63500000000058208e+01,-7.10048985169167146e-02,-9.14385568681898131e-01,-2.86721330430273325e+00, 1.51089785047919145e+00, 3.81355357226442648e-01, 1.72286802898789193e+00, 1.48449076380563083e+00,-8.24298169036362216e-01,-1.30453664688065588e-02, 1.21123814694174992e+00, 3.80696198563146085e-02, 1.82236975114889832e+00, 4.59626518763749603e-01,-2.71264083162834240e+01
 3.15184077117929784e-01, 2.64000000000087311e+01,-7.10960294250244512e-02,-8.87907125591020252e-01,-2.85199989239364227e+00, 1.49907531192361265e+00, 3.86700249191588352e-01, 1.72157588454984078e+00, 1.47249338269815500e+00,-8.36370786244165720e-01,-1.30754109338223085e-02, 1.21034570184886947e+00, 3.76247834518158644e-02, 1.82641974734691814e+00, 4.55602498784543397e-01,-2.73236688937930445e+01
 3.15668862831950114e-01, 2.64500000000116415e+01,-7.11874603843947185e-02,-8.61770741873553181e-01,-2.83664675635798202e+00, 1.48722928377785446e+00, 3.92125336303143279e-01, 1.72020776747141912e+00, 1.46053259043654804e+00,-8.48587416598766908e-01,-1.31055181245282766e-02, 1.20944654181383049e+00, 3.71792347278301696e-02, 1.83044006540674364e+00, 4.51594684796888302e-01,-2.75213413044263753e+01
 3.16150058105307663e-01, 2.65000000000000000e+01,-7.12791847259038741e-02,-8.35985812187033939e-01,-2.82115422988618736e+00, 1.47536076875857258e+00, 3.97631323554757998e-01, 1.71876360183692833e+00, 1.44861012181410276e+00,-8.60947760039574406e-01,-1.31356854642009063e-02, 1.20854069146237153e+00, 3.67330201205959758e-02, 1.83442975351636517e+00, 4.47602858969585127e-01,-2.77194086303924969e+01
 3.16627639857934184e-01, 2.65500000000029104e+01,-7.13711928031549314e-02,-8.10560422873770281e-01,-2.80552408696692401e+00, 1.46347089068535197e+00, 4.03218848275710806e-01, 1.71724333394249573e+00, 1.43672776760088694e+00,-8.73450936419453150e-01,-1.31659100662762634e-02, 1.20762818613776313e+00, 3.62861803298786256e-02, 1.83838862597635888e+00, 4.43626793722149915e-01,-2.79178519196059369e+01
 3.17101522076956965e-01, 2.66000000000058208e+01,-7.14634769749801779e-02,-7.85503344119898084e-01,-2.78975705719086742e+00, 1.45156069277554578e+00, 4.08888572847358744e-01, 1.71564694931362638e+00, 1.42488724066075467e+00,-8.86096409141812869e-01,-1.31961892499703262e-02, 1.20670905648979532e+00, 3.58387603247053918e-02, 1.84231597626161769e+00, 4.39666283528297341e-01,-2.81166535710542078e+01
 3.17571668146069019e-01, 2.66500000000087311e+01,-7.15560278538678179e-02,-7.60820957864285830e-01,-2.77385500291230302e+00, 1.43963130099520420e+00, 4.14641106642459789e-01, 1.71397445790426040e+00, 1.41309027011289068e+00,-8.98883160516547486e-01,-1.32265201226784389e-02, 1.20578334111514374e+00, 3.53908026291779101e-02, 1.84621150821804969e+00, 4.35721128442787153e-01,-2.83157945929907768e+01
 3.18038014905290545e-01, 2.67000000000116415e+01,-7.16488370248024170e-02,-7.36521666494774907e-01,-2.75781903850615961e+00, 1.42768379234062581e+00, 4.20477067728665277e-01, 1.71222590738772440e+00, 1.40133853594990532e+00,-9.11810415220882131e-01,-1.32568999167425230e-02, 1.20485107640041855e+00, 3.49423511739863427e-02, 1.85007470658813555e+00, 4.31791139645166577e-01,-2.85152568140209510e+01
 3.18500537963796959e-01, 2.67500000000000000e+01,-7.17418944237213502e-02,-7.12613281090429429e-01,-2.74165169527895136e+00, 1.41571934149485368e+00, 4.26397010112828934e-01, 1.71040136919192465e+00, 1.38963373116302802e+00,-9.24876803759363875e-01,-1.32873256144739414e-02, 1.20391230804924443e+00, 3.44934490402881641e-02, 1.85390537811267131e+00, 4.27876143617498872e-01,-2.87150204211441604e+01
 3.18959186464803868e-01, 2.68000000000029104e+01,-7.18351911238784280e-02,-6.89103745713663840e-01,-2.72535445990794889e+00, 1.40373905488911932e+00, 4.32401503886408689e-01, 1.70850095460164697e+00, 1.37797749503308697e+00,-9.38081305957503164e-01,-1.33177943724478512e-02, 1.20296707812412085e+00, 3.40441400702215860e-02, 1.85770311105808128e+00, 4.23975973621767699e-01,-2.89150667455098684e+01
 3.19413913399232474e-01, 2.68500000000058208e+01,-7.19287172019839327e-02,-6.65996621136000000e-01,-2.70893046075662758e+00, 1.39174414504795352e+00, 4.38491046938106421e-01, 1.70652479748209451e+00, 1.36637146837056700e+00,-9.51422218085675953e-01,-1.33483030756839736e-02, 1.20201543887406892e+00, 3.35944713807362419e-02, 1.86146752637021318e+00, 4.20090491012741318e-01,-2.91153753353373830e+01
 3.19864675209968530e-01, 2.69000000000087311e+01,-7.20224632849156277e-02,-6.43299140928430768e-01,-2.69238164947688707e+00, 1.37973575233081536e+00, 4.44666153288992005e-01, 1.70447307325248065e+00, 1.35481724759661470e+00,-9.64898232227816011e-01,-1.33788487935075241e-02, 1.20105743866034187e+00, 3.31444874402968409e-02, 1.86519827435174745e+00, 4.16219555193390822e-01,-2.93159269489261689e+01
 3.20311482315172869e-01, 2.69500000000116415e+01,-7.21164183349196353e-02,-6.21015935333064983e-01,-2.67571121277996316e+00, 1.36771508110773166e+00, 4.50927282715812561e-01, 1.70234598116207447e+00, 1.34331639946332482e+00,-9.78507487677829690e-01,-1.34094284312546008e-02, 1.20009313284327068e+00, 3.26942289374378969e-02, 1.86889545263310874e+00, 4.12363062761737509e-01,-2.95167012678851286e+01
 3.20754300626011235e-01, 2.70000000000000000e+01,-7.22105725536114074e-02,-5.99153087032687104e-01,-2.65892152374788715e+00, 1.35568329883789196e+00, 4.57274891505132286e-01, 1.70014376078203888e+00, 1.33187046981414547e+00,-9.92248395836334396e-01,-1.34400389884681074e-02, 1.19912257574515535e+00, 3.22437404001005568e-02, 1.87255879102116585e+00, 4.08520902836134070e-01,-2.97176785923494720e+01
 3.21193133889547844e-01, 2.70500000000029104e+01,-7.23049149001386282e-02,-5.77714871334755853e-01,-2.64201627887049506e+00, 1.34364162694135403e+00, 4.63709383529634256e-01, 1.69786667323609275e+00, 1.32048095535755672e+00,-1.00611876893195840e+00,-1.34706773263544317e-02, 1.19814582803334435e+00, 3.17930640075116261e-02, 1.87618833287470710e+00, 4.04693012180166622e-01,-2.99188383141892054e+01
 3.21627964410056810e-01, 2.71000000000058208e+01,-7.23994350903136297e-02,-5.56706811000631019e-01,-2.62499821334963457e+00, 1.33159125068639828e+00, 4.70231156739896350e-01, 1.69551502207733873e+00, 1.30914934308163300e+00,-1.02011674868819946e+00,-1.35013403984360174e-02, 1.19716294945756063e+00, 3.13422432350517824e-02, 1.87978394461267784e+00, 4.00879312484259176e-01,-3.01201604313865623e+01
 3.22058801236467074e-01, 2.71500000000087311e+01,-7.24941218518490721e-02,-5.36132890716605748e-01,-2.60787145413904708e+00, 1.31953340660129892e+00, 4.76840554852450027e-01, 1.69308913095545166e+00, 1.29787705397337882e+00,-1.03423985835402710e+00,-1.35320250268004000e-02, 1.19617400603075530e+00, 3.08913203251190600e-02, 1.88334571422657127e+00, 3.97079783269031150e-01,-3.03216240789720217e+01
 3.22485636154175137e-01, 2.72000000000116415e+01,-7.25889645659690691e-02,-5.15998140322776022e-01,-2.59063914436901266e+00, 1.30746929703813586e+00, 4.83537912501539546e-01, 1.69058936644013658e+00, 1.28666551114079120e+00,-1.04848594755857172e+00,-1.35627281208162732e-02, 1.19517906306787980e+00, 3.04403384159874085e-02, 1.88687358731676147e+00, 3.93294381718317931e-01,-3.05232089650310385e+01
 3.22908469931302011e-01, 2.72500000000000000e+01,-7.26839519464203276e-02,-4.96302472910218728e-01,-2.57330644195315594e+00, 1.29540018073349694e+00, 4.90323503794421078e-01, 1.68801610487716403e+00, 1.27551601889979738e+00,-1.06285193515614140e+00,-1.35934464451934935e-02, 1.19417819271658265e+00, 2.99893415951168786e-02, 1.89036758409693584e+00, 3.89523162962443215e-01,-3.07248938478739149e+01
 3.23327298230608906e-01, 2.73000000000029104e+01,-7.27790732722320560e-02,-4.77051176745199979e-01,-2.55587649490923985e+00, 1.28332726357575466e+00, 4.97197602197333666e-01, 1.68536977963006085e+00, 1.26442995025566129e+00,-1.07733554085093530e+00,-1.36241768998633783e-02, 1.19317146492143067e+00, 2.95383728456341844e-02, 1.89382768292003290e+00, 3.85766104148218825e-01,-3.09266583736239085e+01
 3.23742117998912504e-01, 2.73500000000058208e+01,-7.28743176858122205e-02,-4.58248207621736403e-01,-2.53835292338599627e+00, 1.27125176466255518e+00, 5.04160442740637538e-01, 1.68265085084122124e+00, 1.25340862840644207e+00,-1.09193421379193278e+00,-1.36549163507207489e-02, 1.19215895292303253e+00, 2.90874755334557672e-02, 1.89725387307931936e+00, 3.82023214561752644e-01,-3.11284819649334992e+01
 3.24152932072508448e-01, 2.74000000000087311e+01,-7.29696738877202017e-02,-4.39892290896876981e-01,-2.52074191706853235e+00, 1.25917494069150271e+00, 5.11212205951097953e-01, 1.67985977467266090e+00, 1.24245318322825216e+00,-1.10664421652561007e+00,-1.36856615668881944e-02, 1.19114073540018572e+00, 2.86366936904468017e-02, 1.90064619280676750e+00, 3.78294643565379896e-01,-3.13303434090853479e+01
 3.24559737099674728e-01, 2.74500000000116415e+01,-7.30651310523655062e-02,-4.21987625661840560e-01,-2.50304691961653392e+00, 1.24709800870651732e+00, 5.18353061714867835e-01, 1.67699707831064226e+00, 1.23156489659097979e+00,-1.12146293176481970e+00,-1.37164094191818877e-02, 1.19011688995874265e+00, 2.81860708175145358e-02, 1.90400462950651672e+00, 3.74580411460754936e-01,-3.15322221610436699e+01
 3.24962531103560437e-01, 2.75000000000000000e+01,-7.31606782543120920e-02,-4.04537192122657485e-01,-2.48527195632568265e+00, 1.23502219448671036e+00, 5.25583140202484755e-01, 1.67406331215326287e+00, 1.22074498569272527e+00,-1.13638742125533887e+00,-1.37471567558072726e-02, 1.18908749724040064e+00, 2.77356506389541402e-02, 1.90732918221477132e+00, 3.70880578383873394e-01,-3.17340975273191823e+01
 3.25361331256089570e-01, 2.75500000000029104e+01,-7.32563041334317877e-02,-3.87537510344656388e-01,-2.46742357942977542e+00, 1.22294872944914301e+00, 5.32902532212415347e-01, 1.67105901386268596e+00, 1.20999442592938666e+00,-1.15141353563389970e+00,-1.37779004098729872e-02, 1.18805264071640826e+00, 2.72854749002190734e-02, 1.91062000822278977e+00, 3.67195360926280412e-01,-3.19359487153027359e+01
 3.25756137363915677e-01, 2.76000000000058208e+01,-7.33519977212727936e-02,-3.70990755215907853e-01,-2.44950608740290399e+00, 1.21087884121792655e+00, 5.40311293904668477e-01, 1.66798479152291734e+00, 1.19931436282302339e+00,-1.16653806623867906e+00,-1.38086372245003128e-02, 1.18701240587555135e+00, 2.68355873289592636e-02, 1.91387712167782609e+00, 3.63524851252896297e-01,-3.21377549981243504e+01
 3.26146950623220688e-01, 2.76500000000087311e+01,-7.34477480230798091e-02,-3.54898624297734111e-01,-2.43152393889383323e+00, 1.19881375765680120e+00, 5.47809443159894327e-01, 1.66484128069167570e+00, 1.18870590201125914e+00,-1.18175766150225203e+00,-1.38393640420110074e-02, 1.18596688060957889e+00, 2.63860315841994535e-02, 1.91710054840736510e+00, 3.59869160114092923e-01,-3.23394956436647405e+01
 3.26533794531681187e-01, 2.77000000000116415e+01,-7.35435439199359359e-02,-3.39258360381810509e-01,-2.41348370061378859e+00, 1.18675466906176008e+00, 5.55396982338523859e-01, 1.66162909678530624e+00, 1.17816987677900342e+00,-1.19706786895057693e+00,-1.38700778000998472e-02, 1.18491615193993050e+00, 2.59368474879947339e-02, 1.92029049831481591e+00, 3.56228551933496007e-01,-3.25411505459876693e+01
 3.26916676886418844e-01, 2.77500000000000000e+01,-7.36393743671133749e-02,-3.24070068175713988e-01,-2.39539047933683147e+00, 1.17470279472580219e+00, 5.63073856019968511e-01, 1.65834891994999034e+00, 1.16770727460069801e+00,-1.21246487497628186e+00,-1.39007753625815470e-02, 1.18386031179092521e+00, 2.54880777604676902e-02, 1.92344705189478171e+00, 3.52603193919361124e-01,-3.27426991140884454e+01
 3.27295603202092944e-01, 2.78000000000029104e+01,-7.37352283347847137e-02,-3.09334235662962476e-01,-2.37724915849405383e+00, 1.16265935810610110e+00, 5.70839964848343207e-01, 1.65500146460789432e+00, 1.15731908536740247e+00,-1.22794490333397133e+00,-1.39314535825509882e-02, 1.18279945489124372e+00, 2.50397656114604329e-02, 1.92657027095334143e+00, 3.48993245042555522e-01,-3.29441206865799856e+01
 3.27670593088236539e-01, 2.78500000000058208e+01,-7.38310951782185920e-02,-2.95045905909172457e-01,-2.35906621937859606e+00, 1.15062550542146713e+00, 5.78695217755175406e-01, 1.65158741808904996e+00, 1.14700600844567391e+00,-1.24350323371782068e+00,-1.39621095099384737e-02, 1.18173367157134357e+00, 2.45919500365331667e-02, 1.92966033355779687e+00, 3.45399005860027086e-01,-3.31453958944220517e+01
 3.28041659768551042e-01, 2.79000000000087311e+01,-7.39269640276886825e-02,-2.81202832889051790e-01,-2.34084736718618469e+00, 1.13860242462791716e+00, 5.86639454768718038e-01, 1.64810752321156717e+00, 1.13676886031521085e+00,-1.25913549820386428e+00,-1.39927400881364166e-02, 1.18066305823356177e+00, 2.41446722570488187e-02, 1.93271736518084647e+00, 3.41820712257043635e-01,-3.33465046690869542e+01
 3.28408812891379354e-01, 2.79500000000116415e+01,-7.40228238893548551e-02,-2.67804277885938247e-01,-2.32259787048089361e+00, 1.12659132703316978e+00, 5.94672456656052506e-01, 1.64456256595251715e+00, 1.12660851241705573e+00,-1.27483749878676900e+00,-1.40233422008769343e-02, 1.17958771582022615e+00, 2.36979747789470944e-02, 1.93574146189608887e+00, 3.38258567154022749e-01,-3.35474265503401270e+01
 3.28772077235786053e-01, 2.80000000000000000e+01,-7.41186645103444619e-02,-2.54846072401135493e-01,-2.30432409742946698e+00, 1.11459330317721839e+00, 6.02794041201191177e-01, 1.64095329585300731e+00, 1.11652553203603655e+00,-1.29060430021766415e+00,-1.40539130400470953e-02, 1.17850773686109633e+00, 2.32518942747457769e-02, 1.93873284442271188e+00, 3.34712896193590514e-01,-3.37481431011756570e+01
 3.29131472888605281e-01, 2.80500000000029104e+01,-7.42144754043605887e-02,-2.42324790375465143e-01,-2.28603211569155906e+00, 1.10260948232245615e+00, 6.11003956967397843e-01, 1.63728050630387956e+00, 1.10652055475604993e+00,-1.30643107695507976e+00,-1.40844496986272695e-02, 1.17742321969763153e+00, 2.28064693338335990e-02, 1.94169169479229242e+00, 3.31183991884684892e-01,-3.39486352352037386e+01
 3.29487012514949662e-01, 2.81000000000058208e+01,-7.43102457114019621e-02,-2.30238253343265004e-01,-2.26772752203360639e+00, 1.09064105500986064e+00, 6.19301864945285829e-01, 1.63354504626592756e+00, 1.09659433201515188e+00,-1.32231322507780424e+00,-1.41149491130942543e-02, 1.17633427065517870e+00, 2.23617415708697378e-02, 1.94461813391936467e+00, 3.27672095508592720e-01,-3.41488828384913745e+01
 3.29838714051938819e-01, 2.81500000000087311e+01,-7.44059656880003834e-02,-2.18580415787168802e-01,-2.24941658723826565e+00, 1.07868907047940610e+00, 6.27687478248359021e-01, 1.62974772310701232e+00, 1.08674731263677438e+00,-1.33824546032710967e+00,-1.41454085806689452e-02, 1.17524098559315315e+00, 2.19177472699207780e-02, 1.94751232610748115e+00, 3.24177553026305132e-01,-3.43488681656146753e+01
 3.30186595291253715e-01, 2.82000000000116415e+01,-7.45016254977154541e-02,-2.07345439892588107e-01,-2.23110554116005533e+00, 1.06675458970660908e+00, 6.36160457498166076e-01, 1.62588937168327918e+00, 1.07697995304729366e+00,-1.35422246996691098e+00,-1.41758253685687115e-02, 1.17414346371542488e+00, 2.14745231800920963e-02, 1.95037443442516412e+00, 3.20700702033967333e-01,-3.45485732741579881e+01
 3.30530672812768156e-01, 2.82500000000000000e+01,-7.45972144904529372e-02,-1.96530149279847438e-01,-2.21280024492214400e+00, 1.05483877150667671e+00, 6.44720347059915100e-01, 1.62197089428658670e+00, 1.06729288304719971e+00,-1.37023927447124194e+00,-1.42061964941025722e-02, 1.17304181561040144e+00, 2.10321095422602716e-02, 1.95320461192811434e+00, 3.17241815246304293e-01,-3.47479785809020427e+01
 3.30870968635184948e-01, 2.83000000000029104e+01,-7.46927234324434447e-02,-1.86128390450401693e-01,-2.19450680668519205e+00, 1.04294259831707303e+00, 6.53366770853533230e-01, 1.61799314167109554e+00, 1.05768642869723806e+00,-1.38629046944276979e+00,-1.42365194250487249e-02, 1.17193613789774687e+00, 2.05905400459984837e-02, 1.95600305634767468e+00, 3.13801245777727555e-01,-3.49470674602376334e+01
 3.31207505849289707e-01, 2.83500000000058208e+01,-7.47881433229509590e-02,-1.76133528782738275e-01,-2.17623135837502035e+00, 1.03106702368484870e+00, 6.62099329619422750e-01, 1.61395697207838018e+00, 1.04816085912075585e+00,-1.40237053942865142e+00,-1.42667917029820363e-02, 1.17082652665412756e+00, 2.01498473168650778e-02, 1.95876997413456699e+00, 3.10379355835524284e-01,-3.51458237710764791e+01
 3.31540301258151815e-01, 2.84000000000087311e+01,-7.48834638315416801e-02,-1.66540886209639638e-01,-2.15797996875919473e+00, 1.01921317059533023e+00, 6.70917452620554133e-01, 1.60986333195838927e+00, 1.03871668520768368e+00,-1.41847410866452983e+00,-1.42970104366373606e-02, 1.16971309606941842e+00, 1.97100705136082875e-02, 1.96150551995149813e+00, 3.06976443711890146e-01,-3.53442285304667294e+01
 3.31869374554057239e-01, 2.84500000000116415e+01,-7.49786762940448936e-02,-1.57342929093952838e-01,-2.13975857892662491e+00, 1.00738196259150348e+00, 6.79820669279788570e-01, 1.60571310858962080e+00, 1.02935412216917421e+00,-1.43459554144834867e+00,-1.43271732442566656e-02, 1.16859594387934651e+00, 1.92712417772705237e-02, 1.96420987213156328e+00, 3.03592864870275758e-01,-3.55422661006873142e+01
 3.32194745604683817e-01, 2.85000000000000000e+01,-7.50737727588237647e-02,-1.48530778142381775e-01,-2.12157303054685720e+00, 9.95574240732720828e-01, 6.88808527247653846e-01, 1.60150717344186955e+00, 1.02007326296006773e+00,-1.45072906604757246e+00,-1.43572779548481293e-02, 1.16747516203716639e+00, 1.88333904964157160e-02, 1.96688321034976688e+00, 3.00228991936100309e-01,-3.57399222278281812e+01
 3.32516433788911214e-01, 2.85500000000029104e+01,-7.51687433068044253e-02,-1.40098768981075261e-01,-2.10342951440682224e+00, 9.83791076037920931e-01, 6.97880352831590334e-01, 1.59724650452509853e+00, 1.01087449767538584e+00,-1.46686901342368858e+00,-1.43873218098960736e-02, 1.16635086646927033e+00, 1.83965539018609570e-02, 1.96952571015929156e+00, 2.96885139749923366e-01,-3.59371788005202504e+01
 3.32834460394970111e-01, 2.86000000000058208e+01,-7.52635798549828594e-02,-1.32038669306385609e-01,-2.08533378098100064e+00, 9.72033322695785573e-01, 7.07035590793793856e-01, 1.59293201378003735e+00, 1.00175793371148547e+00,-1.48300956271577289e+00,-1.44173026049308380e-02, 1.16522315459871728e+00, 1.79607617297693409e-02, 1.97213756268249041e+00, 2.93561658628690714e-01,-3.61340213450506624e+01
 3.33148848772850115e-01, 2.86500000000087311e+01,-7.53582756007543514e-02,-1.24340733755768776e-01,-2.06729119210569090e+00, 9.60301682218286379e-01, 7.16273762233078481e-01, 1.58856456889942343e+00, 9.92723490715704093e-01,-1.49914480852536491e+00,-1.44472185256799782e-02, 1.16409211102863841e+00, 1.75260383470906313e-02, 1.97471897583897293e+00, 2.90258913798331686e-01,-3.63304379495937724e+01
 3.33459618075843067e-01, 2.87000000000116415e+01,-7.54528211499477935e-02,-1.16997847983260184e-01,-2.04930798206098919e+00, 9.48597166958446314e-01, 7.25594098768902240e-01, 1.58414516875226608e+00, 9.83771441849585648e-01,-1.51526880364920080e+00,-1.44770669636024637e-02, 1.16295785229552684e+00, 1.70924191630126981e-02, 1.97727012295065596e+00, 2.86977229327582795e-01,-3.65264114874571817e+01
 3.33766789791123175e-01, 2.87500000000000000e+01,-7.55472090658237672e-02,-1.10000733951440152e-01,-2.03138967930583147e+00, 9.36920557410324539e-01, 7.34995968430633306e-01, 1.57967473940356684e+00, 9.74901792959414037e-01,-1.53137557705763760e+00,-1.45068459027082441e-02, 1.16182047453924597e+00, 1.66599315185506740e-02, 1.97979119636649292e+00, 2.83716944337027765e-01,-3.67219287224138000e+01
 3.34070386952107723e-01, 2.88000000000029104e+01,-7.56414338813232584e-02,-1.03337976544117097e-01,-2.01354098314256280e+00, 9.25272402642738356e-01, 7.44478884995442458e-01, 1.57515413116947922e+00, 9.66114301838809197e-01,-1.54745920334582410e+00,-1.45365539185387301e-02, 1.16068005297325727e+00, 1.62285947874024894e-02, 1.98228240097429853e+00, 2.80478401284973866e-01,-3.69169803020080849e+01
 3.34370429972668859e-01, 2.88500000000058208e+01,-7.57354868047567659e-02,-9.70013564039980958e-02,-1.99576809035972325e+00, 9.13653643897589296e-01, 7.54042000700668402e-01, 1.57058435119325379e+00, 9.57409126782640563e-01,-1.56351349917530724e+00,-1.45661885844373933e-02, 1.15953670295721656e+00, 1.57984419286441614e-02, 1.98474392001037114e+00, 2.77261925420355215e-01,-3.71115502937323711e+01
 3.34666942027974368e-01, 2.89000000000087311e+01,-7.58293610729840334e-02,-9.09809727575670579e-02,-1.97807627825290444e+00, 9.02064981367075358e-01, 7.63684618932262249e-01, 1.56596632836973781e+00, 9.48786177330212310e-01,-1.57953237640028954e+00,-1.45957480898801298e-02, 1.15839051806227777e+00, 1.53694974500695435e-02, 1.98717595920742252e+00, 2.74067839145306524e-01,-3.73056268103711943e+01
 3.34959952066084532e-01, 2.89500000000116415e+01,-7.59230525754818614e-02,-8.52656893401266824e-02,-1.96046944517681165e+00, 8.90506794996461570e-01, 7.73406271668629963e-01, 1.56130088044723547e+00, 9.40245059783095916e-01,-1.59550998276401068e+00,-1.46252314429929399e-02, 1.15724156156351432e+00, 1.49417743195790539e-02, 1.98957877146026774e+00, 2.70896448319573435e-01,-3.74992033396555158e+01
 3.35249480385902854e-01, 2.90000000000000000e+01,-7.60165532389684151e-02,-7.98458269867501902e-02,-1.94295365939845088e+00, 8.78979944640665867e-01, 7.83206048299368685e-01, 1.55658901069791700e+00, 9.31785821676901604e-01,-1.61143995549882502e+00,-1.46546364253728120e-02, 1.15608994594148551e+00, 1.45153028469819367e-02, 1.99195253854245524e+00, 2.67748071657004261e-01,-3.76922653163914561e+01
 3.35535549692675017e-01, 2.90500000000029104e+01,-7.61098570540068020e-02,-7.47108473291232533e-02,-1.92553391424082343e+00, 8.67485045843496394e-01, 7.93083200264008581e-01, 1.55183164028552167e+00, 9.23408282502964695e-01,-1.62731612608472975e+00,-1.46839614431717273e-02, 1.15493576103858109e+00, 1.40901048124775288e-02, 1.99429746178925682e+00, 2.64623010221879951e-01,-3.78848022759765755e+01
 3.35818179741575351e-01, 2.91000000000058208e+01,-7.62029615567043073e-02,-6.98492835384459110e-02,-1.90821320042980425e+00, 8.56022310270661890e-01, 8.03037291319741220e-01, 1.54702954475948018e+00, 9.15111914625996614e-01,-1.64313279939011658e+00,-1.47132059350805512e-02, 1.15377905727516872e+00, 1.36661887804229738e-02, 1.99661371818040556e+00, 2.61521523456576255e-01,-3.80768105330677429e+01
 3.36097394329564869e-01, 2.91500000000087311e+01,-7.62958594350819086e-02,-6.52505663332039049e-02,-1.89099736708875876e+00, 8.44592503095101144e-01, 8.13067369522130323e-01, 1.54218371050724534e+00, 9.06896658365853314e-01,-1.65888349391473966e+00,-1.47423679250359638e-02, 1.15261994215596753e+00, 1.32435814719748038e-02, 1.99890151764463675e+00, 2.58443915895642029e-01,-3.82682771135816324e+01
 3.36373216042366252e-01, 2.92000000000116415e+01,-7.63885454652004636e-02,-6.09038225971825081e-02,-1.87389108940398996e+00, 8.33196150647104394e-01, 8.23172649146677426e-01, 1.53729504068623224e+00, 8.98762249290484427e-01,-1.67456200047345938e+00,-1.47714460476329190e-02, 1.15145850054876941e+00, 1.28223017284840746e-02, 2.00116105999421290e+00, 2.55390463240882493e-01,-3.84591930527858921e+01
 3.36645668784586793e-01, 2.92500000000000000e+01,-7.64810185622776251e-02,-5.67998868192125181e-02,-1.85689639507087878e+00, 8.21833296856680162e-01, 8.33352741072693859e-01, 1.53236425942258370e+00, 8.90708042316524451e-01,-1.69016285226601526e+00,-1.48004401708665603e-02, 1.15029476903291883e+00, 1.24023519320074216e-02, 2.00339255565271923e+00, 2.52361371181992700e-01,-3.86495574839866265e+01
 3.36914774773778847e-01, 2.93000000000029104e+01,-7.65732723556996342e-02,-5.29270741203934011e-02,-1.84001882254992521e+00, 8.10504602910549821e-01, 8.43606672488764087e-01, 1.52739232470462882e+00, 8.82733876241395765e-01,-1.70567951224005387e+00,-1.48293485848999419e-02, 1.14912884835133422e+00, 1.19837555472066901e-02, 2.00559620102916059e+00, 2.49356923382481555e-01,-3.88393591810420702e+01
 3.37180556552950039e-01, 2.93500000000058208e+01,-7.66653024349026047e-02,-4.92744762184307086e-02,-1.82326269320986012e+00, 7.99210502494798192e-01, 8.53933635968606941e-01, 1.52238011227020675e+00, 8.74839409201066065e-01,-1.72110577193967584e+00,-1.48581701616353444e-02, 1.14796081721440602e+00, 1.15665283246047818e-02, 2.00777219500432080e+00, 2.46377366852097129e-01,-3.90285907372899032e+01
 3.37443031829970486e-01, 2.94000000000087311e+01,-7.67571091027299812e-02,-4.58342037343257014e-02,-1.80662905301201437e+00, 7.87950894300330384e-01, 8.64333285708713817e-01, 1.51732829410798353e+00, 8.67023902481345643e-01,-1.73643643711344176e+00,-1.48869051409820582e-02, 1.14679069963649449e+00, 1.11506685996084019e-02, 2.00992069668770901e+00, 2.43422850774386579e-01,-3.92172537278836302e+01
 3.37702224167738818e-01, 2.94500000000116415e+01,-7.68486869627560826e-02,-4.25944106162095132e-02,-1.79012304618122564e+00, 7.76726325005423490e-01, 8.74804651048144088e-01, 1.51223778842332091e+00, 8.59287098704678454e-01,-1.75166498049382979e+00,-1.49155521063257766e-02, 1.14561858764636648e+00, 1.07361958162328526e-02, 2.01204191293304913e+00, 2.40493631824245102e-01,-3.94053388518702903e+01
 3.37958155248154368e-01, 2.95000000000000000e+01,-7.69400324542785646e-02,-3.95443368604773762e-02,-1.77374859822939346e+00, 7.65537133211987353e-01, 8.85346918278517636e-01, 1.50710943523058227e+00, 8.51628584924514986e-01,-1.76678523791086239e+00,-1.49441101732016093e-02, 1.14444455270613821e+00, 1.03231226498322424e-02, 2.01413603499673366e+00, 2.37589925513550959e-01,-3.95928403021884421e+01
 3.38210850268723162e-01, 2.95500000000029104e+01,-7.70311468545809008e-02,-3.66792879261146065e-02,-1.75750582710457248e+00, 7.54383089207833812e-01, 8.95959785198491176e-01, 1.50194385321012547e+00, 8.44047549381033768e-01,-1.78179231602705501e+00,-1.49725799104902472e-02, 1.14326860704978328e+00, 9.91144206349866587e-03, 2.01620328269521076e+00, 2.34711823872211900e-01,-3.97797618138931739e+01
 3.38460330366586903e-01, 2.96000000000058208e+01,-7.71220258610634118e-02,-3.39873105065607931e-02,-1.74139938685705697e+00, 7.43264619838275742e-01, 9.06642302812884160e-01, 1.49674191175563887e+00, 8.36543644983147483e-01,-1.79667976338973623e+00,-1.50009602085063917e-02, 1.14209083254360166e+00, 9.50116978521333387e-03, 2.01824384241622701e+00, 2.31859551443269085e-01,-3.99660961012111642e+01
 3.38706617947473643e-01, 2.96500000000087311e+01,-7.72126669191100096e-02,-3.14585547628399229e-02,-1.72543261720295882e+00, 7.32181946912855874e-01, 9.17393686006858777e-01, 1.49150440010856800e+00, 8.29116380639456585e-01,-1.81144155767606496e+00,-1.50292504820099277e-02, 1.14091129024833426e+00, 9.09231443234648391e-03, 2.02025791072339977e+00, 2.29033285048130558e-01,-4.01518393216774925e+01
 3.38949730156341889e-01, 2.97000000000116415e+01,-7.73030717731968547e-02,-2.90886246226234046e-02,-1.70960526217510345e+00, 7.21134806251630289e-01, 9.28213599967449121e-01, 1.48623191379138175e+00, 8.21764938150515656e-01,-1.82607294598953351e+00,-1.50574513887385582e-02, 1.13972998973664974e+00, 8.68486889873163262e-03, 2.02224564096488857e+00, 2.26233077780902375e-01,-4.03369957937487555e+01
 3.39189689610221334e-01, 2.97500000000000000e+01,-7.73932377157088847e-02,-2.68672580390785162e-02,-1.69392093375201536e+00, 7.10123437865795903e-01, 9.39101197422578249e-01, 1.48092524108070256e+00, 8.14488845069433420e-01,-1.84056778439606106e+00,-1.50855622973536298e-02, 1.13854699468410203e+00, 8.27884237761314194e-03, 2.02420723104123423e+00, 2.23459102309682911e-01,-4.05215613722945136e+01
 3.39426517771596103e-01, 2.98000000000029104e+01,-7.74831629825518536e-02,-2.47852957836679766e-02,-1.67838252814859668e+00, 6.99147975462899529e-01, 9.50055708302721347e-01, 1.47558512592972391e+00, 8.07287558628003166e-01,-1.85492017531483011e+00,-1.51135828485534258e-02, 1.13736235796650464e+00, 7.87424061913378701e-03, 2.02614286920732845e+00, 2.20711500604200361e-01,-4.07055336982757652e+01
 3.39660236063259680e-01, 2.98500000000058208e+01,-7.75728495642039606e-02,-2.28395761917710091e-02,-1.66298949418291575e+00, 6.88208118119180812e-01, 9.61076777507740676e-01, 1.47021213554518915e+00, 8.00160256158217953e-01,-1.86912550942727407e+00,-1.51415137947896843e-02, 1.13617608564583805e+00, 7.47105464135882410e-03, 2.02805274318957229e+00, 2.17990289961803585e-01,-4.08889177120056431e+01
 3.39890865714284340e-01, 2.99000000000087311e+01,-7.76622962437731462e-02,-2.10215863372649435e-02,-1.64774437734685475e+00, 6.77303937568348724e-01, 9.72163659191192076e-01, 1.46480697854858666e+00, 7.93106362464385373e-01,-1.88317800857010975e+00,-1.51693549357226967e-02, 1.13498822417314726e+00, 7.06928810126858376e-03, 2.02993703892701216e+00, 2.15295588092987628e-01,-4.10717120981294741e+01
 3.40118427965939774e-01, 2.99500000000116415e+01,-7.77515020101974680e-02,-1.93230472136165336e-02,-1.63264962062181374e+00, 6.66435482103914234e-01, 9.83315608311540634e-01, 1.45937035013187666e+00, 7.86125290110827435e-01,-1.89707193172745581e+00,-1.51971061311741134e-02, 1.13379881779629010e+00, 6.66894384928458459e-03, 2.03179594225401505e+00, 2.12627501947343589e-01,-4.12539159362893315e+01
 3.40342940285661866e-01, 3.00000000000000000e+01,-7.78404692085339356e-02,-1.77403166955133300e-02,-1.61770443211263526e+00, 6.55602419976204276e-01, 9.94532253204084449e-01, 1.45390278799758721e+00, 7.79216216836874143e-01,-1.91080281412358088e+00,-1.52247682132087333e-02, 1.13260786914088740e+00, 6.27001237341439331e-03, 2.03362960798057202e+00, 2.09986016658326780e-01,-4.14355346895075272e+01
 3.40564422989253934e-01, 3.00500000000029104e+01,-7.79291979396903450e-02,-1.62665873190932439e-02,-1.60291031889057423e+00, 6.44804673558446284e-01, 1.00581294670542665e+00, 1.44840492412064004e+00, 7.72378485621766697e-01,-1.92436528384459082e+00,-1.52523413641940785e-02, 1.13141540856644407e+00, 5.87249235644612608e-03, 2.03543821399017277e+00, 2.07371194282721300e-01,-4.16165695551401171e+01
 3.40782896887369180e-01, 3.01000000000058208e+01,-7.80176879167934628e-02,-1.48944282931518894e-02,-1.58826926558312009e+00, 6.34042209482926555e-01, 1.01715697684857909e+00, 1.44287740282873411e+00, 7.65611471273928590e-01,-1.93775378540892196e+00,-1.52798256535272778e-02, 1.13022147142443519e+00, 5.47638389608496364e-03, 2.03722194200532725e+00, 2.04783107059101327e-01,-4.17970209888223749e+01
 3.40998383014246065e-01, 3.01500000000087311e+01,-7.81059417605619866e-02,-1.36205750706580205e-02,-1.57378028503386957e+00, 6.23314657353990498e-01, 1.02856397264958699e+00, 1.43732072652966347e+00, 7.58914351253384800e-01,-1.95096400863727104e+00,-1.53072220129078646e-02, 1.12902605551445334e+00, 5.08167560018229353e-03, 2.03898097536962331e+00, 2.02221710141237770e-01,-4.19768951077405603e+01
 3.41210901927903820e-01, 3.02000000000116415e+01,-7.81939607223976901e-02,-1.24396857705883473e-02,-1.55944391449300057e+00, 6.12621806963718596e-01, 1.04003338327226347e+00, 1.43173545387239054e+00, 7.52286405132415181e-01,-1.96399101305823121e+00,-1.53345309645667068e-02, 1.12782917610886724e+00, 4.68836155635967908e-03, 2.04071549333492630e+00, 1.99687011078236526e-01,-4.21561953406647305e+01
 3.41420473891930087e-01, 3.02500000000000000e+01,-7.82817452084142024e-02,-1.13450960408354711e-02,-1.54526168080340276e+00, 6.01963547136667776e-01, 1.05156453713021780e+00, 1.42612217702205823e+00, 7.45726976482925519e-01,-1.97682945479637739e+00,-1.53617527776639014e-02, 1.12663085944581498e+00, 4.29643923575781257e-03, 2.04242567254794460e+00, 1.97179048104096560e-01,-4.23349234547981368e+01
 3.41627117029629002e-01, 3.03000000000029104e+01,-7.83692982262334525e-02,-1.03328512006924476e-02,-1.53123246109514688e+00, 5.91339470432955983e-01, 1.06315707110627033e+00, 1.42048136135603698e+00, 7.39235247589816846e-01,-1.98947511824455492e+00,-1.53888884794515651e-02, 1.12543109816580822e+00, 3.90589633753548422e-03, 2.04411167199320687e+00, 1.94697750318144291e-01,-4.25130861946890732e+01
 3.41830850277176301e-01, 3.03500000000058208e+01,-7.84566220785184176e-02,-9.39827107919473381e-03,-1.51735594040635990e+00, 5.80749249690602820e-01, 1.07481052751133688e+00, 1.41481349596860473e+00, 7.32810452460711304e-01,-2.00192346131937038e+00,-1.54159388921045193e-02, 1.12422989344153268e+00, 3.51672314332374851e-03, 2.04577365709624637e+00, 1.92243074188884977e-01,-4.26906889584260369e+01
 3.42031694003342546e-01, 3.04000000000087311e+01,-7.85437178239357381e-02,-8.53542515600752560e-03,-1.50363319664645756e+00, 5.70192699094480560e-01, 1.08652428219824726e+00, 1.40911912004208761e+00, 7.26451909270240281e-01,-2.01416937124996931e+00,-1.54429044764789712e-02, 1.12302726215646098e+00, 3.12891450245224518e-03, 2.04741180477240015e+00, 1.89815024977358388e-01,-4.28677347718163162e+01
 3.42229666807865929e-01, 3.04500000000116415e+01,-7.86305888592602059e-02,-7.74115386904738936e-03,-1.49006288766076445e+00, 5.59669366261061452e-01, 1.09829799695592367e+00, 1.40339865771890482e+00, 7.20158797180947108e-01,-2.02620895619019636e+00,-1.54697863756262568e-02, 1.12182319040946710e+00, 2.74245643770953560e-03, 2.04902627731033560e+00, 1.87413503997314712e-01,-4.30442311397020347e+01
 3.42424787372478334e-01, 3.05000000000000000e+01,-7.87172384486212462e-02,-7.01208226399694604e-03,-1.47664388158192827e+00, 5.49178814387823122e-01, 1.11013131167665802e+00, 1.39765253024704239e+00, 7.13930311483483293e-01,-2.03803823915706728e+00,-1.54965856930172983e-02, 1.12061766539384111e+00, 2.35733545915934586e-03, 2.05061723747540725e+00, 1.85038417379079362e-01,-4.32201853070553028e+01
 3.42617075333998544e-01, 3.05500000000029104e+01,-7.88036682856085718e-02,-6.34272491644439704e-03,-1.46337682800041824e+00, 5.38720786898621684e-01, 1.12202365532049186e+00, 1.39188122377892842e+00, 7.07765751443896640e-01,-2.04965233933526170e+00,-1.55233030713117608e-02, 1.11941069450347830e+00, 1.97354403500388806e-03, 2.05218485562666331e+00, 1.82689739177559068e-01,-4.33956014933360734e+01
 3.42806548885052020e-01, 3.06000000000058208e+01,-7.88898821244215370e-02,-5.72974978441235898e-03,-1.45026027908960842e+00, 5.28294792070007624e-01, 1.13397471632257996e+00, 1.38608512181897869e+00, 7.01664302793918004e-01,-2.06104745867842976e+00,-1.55499397550248383e-02, 1.11820225746088253e+00, 1.59106682085934526e-03, 2.05372929015570849e+00, 1.80367348747037859e-01,-4.35704878695597415e+01
 3.42993225960420423e-01, 3.06500000000087311e+01,-7.89758840648709798e-02,-5.17011255460277618e-03,-1.43729249140184945e+00, 5.17900299089681937e-01, 1.14598422548717460e+00, 1.38026458277726771e+00, 6.95625139832935169e-01,-2.07221996978750855e+00,-1.55764970889607762e-02, 1.11699232863718989e+00, 1.20988714819255912e-03, 2.05525069716416775e+00, 1.78071109152834472e-01,-4.37448532652016056e+01
 3.43177125840144759e-01, 3.07000000000116415e+01,-7.90616764187799526e-02,-4.65903609866422271e-03,-1.42447367199934738e+00, 5.07536981675930976e-01, 1.15805167247183194e+00, 1.37442003944451208e+00, 6.89647545121898187e-01,-2.08316530914515230e+00,-1.56029758949150325e-02, 1.11578090553097997e+00, 8.29995075353342094e-04, 2.05674924352792665e+00, 1.75800963655121684e-01,-4.39187030758593764e+01
 3.43358266377500276e-01, 3.07500000000000000e+01,-7.91472633142236009e-02,-4.19336647524614584e-03,-1.41180225827885830e+00, 4.97204306664964069e-01, 1.17017678171414197e+00, 1.36855183326451812e+00, 6.83730710355480498e-01,-2.09387984159863993e+00,-1.56293775242579321e-02, 1.11456796080903353e+00, 4.51373801353434649e-04, 2.05822508430608897e+00, 1.73556770987907838e-01,-4.40920461741187566e+01
 3.43536664828488048e-01, 3.08000000000029104e+01,-7.92326496186134266e-02,-3.77058213614677156e-03,-1.39927601337082574e+00, 4.86901656931661542e-01, 1.18235937552702919e+00, 1.36266026254851980e+00, 6.77873796879717827e-01,-2.10436031037938109e+00,-1.56557035434663934e-02, 1.11335345633604366e+00, 7.40037217042334872e-05, 2.05967836950703109e+00, 1.71338355700852152e-01,-4.42648928448738559e+01
 3.43712340049805554e-01, 3.08500000000058208e+01,-7.93178382265075504e-02,-3.38634545615226637e-03,-1.38689474503597765e+00, 4.76628640709834572e-01, 1.19459900729084945e+00, 1.35674570790093996e+00, 6.72076076550330193e-01,-2.11460242507617213e+00,-1.56819549426927690e-02, 1.11213737970654036e+00,-3.02127369936865716e-04, 2.06110926199392219e+00, 1.69145632771683180e-01,-4.44372495890900367e+01
 3.43885309487285518e-01, 3.09000000000087311e+01,-7.94028336342429281e-02,-3.03785648128526188e-03,-1.37465674936492621e+00, 4.66384684156421203e-01, 1.20689544272081450e+00, 1.35080846896650519e+00, 6.66336748109516597e-01,-2.12460276647949531e+00,-1.57081331782308736e-02, 1.11091969620439701e+00,-6.77037701659057153e-04, 2.06251791295179876e+00, 1.66978441844486458e-01,-4.46091259682408108e+01
 3.44055589588455613e-01, 3.09500000000116415e+01,-7.94876413939496068e-02,-2.72340782923824638e-03,-1.36255934488202812e+00, 4.56169093686744631e-01, 1.21924859203035996e+00, 1.34484878845837352e+00, 6.60654967416327676e-01,-2.13435852310035123e+00,-1.57342400130489404e-02, 1.10970035582059379e+00,-1.05074946574365774e-03, 2.06390446525571392e+00, 1.64836573288150795e-01,-4.47805335573079191e+01
 3.44223198790161888e-01, 3.10000000000000000e+01,-7.95722649599926446e-02,-2.43903388403923305e-03,-1.35060198093845130e+00, 4.45981414659377462e-01, 1.23165807595096122e+00, 1.33886699575903911e+00, 6.55029999822979270e-01,-2.14386566373663312e+00,-1.57602765989981741e-02, 1.10847933608927218e+00,-1.42327705129886742e-03, 2.06526907779957325e+00, 1.62719916099613282e-01,-4.49514799189100316e+01
 3.44388154149471215e-01, 3.10500000000029104e+01,-7.96567091868492505e-02,-2.18222187187850107e-03,-1.33878284942300407e+00, 4.35821033642013189e-01, 1.24412370527123373e+00, 1.33286334921317762e+00, 6.49461052551210116e-01,-2.15312094768934204e+00,-1.57862444945170710e-02, 1.10725659465213622e+00,-1.79464008405013698e-03, 2.06661189806139589e+00, 1.60628293135726241e-01,-4.51219752851641189e+01
 3.44550471383821666e-01, 3.11000000000058208e+01,-7.97409802235485715e-02,-1.95181183176190774e-03,-1.32709902944439495e+00, 4.25687190550648964e-01, 1.25664547247022451e+00, 1.32683804026594077e+00, 6.43947282915277697e-01,-2.16212185715524674e+00,-1.58121456335976948e-02, 1.10603207034132178e+00,-2.16486302137398976e-03, 2.06793306243872399e+00, 1.58561466961625819e-01,-4.52920323539294287e+01
 3.44710168449401166e-01, 3.11500000000087311e+01,-7.98250820605973244e-02,-1.74432343516470060e-03,-1.31554961339265231e+00, 4.15579370708403006e-01, 1.26922306764865245e+00, 1.32079134874709458e+00, 6.38487953221836935e-01,-2.17086466262876954e+00,-1.58379813225409255e-02, 1.10480573053883635e+00,-2.53396233395168516e-03, 2.06923272537675329e+00, 1.56519302454953629e-01,-4.54616597018828514e+01
 3.44867262033798805e-01, 3.12000000000116415e+01,-7.99090198962802839e-02,-1.55756974205079513e-03,-1.30413268177876085e+00, 4.05496922672875071e-01, 1.28185634861915387e+00, 1.31472349297913782e+00, 6.33082280582851098e-01,-2.17934631991369798e+00,-1.58637532178986795e-02, 1.10357752507438933e+00,-2.90195899774274785e-03, 2.07051103081886412e+00, 1.54501607464078344e-01,-4.56308682053168013e+01
 3.45021767260035972e-01, 3.12500000000000000e+01,-7.99928003799707660e-02,-1.39101370162765959e-03,-1.29284511041856209e+00, 3.95439030708866213e-01, 1.29454538134753872e+00, 1.30863461900283240e+00, 6.27729429914760440e-01,-2.18756464615941049e+00,-1.58894633969452817e-02, 1.10234738251436171e+00,-3.26887938942921731e-03, 2.07176810980654880e+00, 1.52508121538265429e-01,-4.57996715028276853e+01
 3.45173701572805358e-01, 3.13000000000029104e+01,-8.00764280123993921e-02,-1.24162709279682722e-03,-1.28168569345094463e+00, 3.85405123138743866e-01, 1.30728992557827817e+00, 1.30252495897764642e+00, 6.22428663607946020e-01,-2.19551618089345268e+00,-1.59151133126783015e-02, 1.10111526006003047e+00,-3.63474195627092045e-03, 2.07300411210149482e+00, 1.50538688001795901e-01,-4.59680791342471906e+01
 3.45323081287571720e-01, 3.13500000000058208e+01,-8.01599083209616065e-02,-1.10753870163721744e-03,-1.27065240773962973e+00, 3.75394512181629780e-01, 1.32008988656091364e+00, 1.29639469279395314e+00, 6.17179209942675944e-01,-2.20319807430619763e+00,-1.59407047154918845e-02, 1.09988109960396674e+00,-3.99956896916489179e-03, 2.07421917810635970e+00, 1.48593101561725865e-01,-4.61361025920003200e+01
 3.45469920940743025e-01, 3.14000000000087311e+01,-8.02432483702056054e-02,-9.88630041853002725e-04,-1.25974203058035261e+00, 3.65406336263843334e-01, 1.33294539409595103e+00, 1.29024392663405241e+00, 6.11980246459562949e-01,-2.21060841698371613e+00,-1.59662398008419172e-02, 1.09864482028534183e+00,-4.36338839203500271e-03, 2.07541343358690655e+00, 1.46671084042169358e-01,-4.63037562906188356e+01
 3.45614237488756915e-01, 3.14500000000116415e+01,-8.03264531378527630e-02,-8.82367334753123337e-04,-1.24895308308060415e+00, 3.55439970470724509e-01, 1.34585627530140584e+00, 1.28407284766348351e+00, 6.06831038578633075e-01,-2.21774402329055143e+00,-1.59917201588018476e-02, 1.09740636922463963e+00,-4.72622052555053945e-03, 2.07658702382703986e+00, 1.44772459559120936e-01,-4.64710506699227466e+01
 3.45756046875783984e-01, 3.15000000000000000e+01,-8.04095284644686659e-02,-7.87182506388049534e-04,-1.23828344753979525e+00, 3.45494692492269273e-01, 1.35882248156979801e+00, 1.27788159927936773e+00, 6.01730826893447812e-01,-2.22460223459105855e+00,-1.60171476289818482e-02, 1.09616568030160622e+00,-5.08808887459142722e-03, 2.07774008571124069e+00, 1.42897011495315585e-01,-4.66379978080956761e+01
 3.45895363092775798e-01, 3.15500000000029104e+01,-8.04924817584396907e-02,-7.03225457725610483e-04,-1.22772988936520200e+00, 3.35569603053248677e-01, 1.37184419687958226e+00, 1.27167025296854042e+00, 5.96678805283763269e-01,-2.23118137330345911e+00,-1.60425245042010271e-02, 1.09492266392408499e+00,-5.44902271880634472e-03, 2.07887274008112621e+00, 1.41044448781606435e-01,-4.68046127589194256e+01
 3.46032202615186801e-01, 3.16000000000058208e+01,-8.05753184376024473e-02,-6.28438490131315135e-04,-1.21729069054155925e+00, 3.25664028224155855e-01, 1.38492131110589245e+00, 1.26543895405610152e+00, 5.91674244934015325e-01,-2.23747851829402489e+00,-1.60678525008112853e-02, 1.09367725732808618e+00,-5.80904406944903612e-03, 2.07998512781862432e+00, 1.39214578798626726e-01,-4.69709067913104903e+01
 3.46166581018981179e-01, 3.16500000000087311e+01,-8.06580446384653621e-02,-5.61536352894215327e-04,-1.20696365010343598e+00, 3.15777213120676636e-01, 1.39805381867847456e+00, 1.25918781169252880e+00, 5.86716399771371577e-01,-2.24349119665297758e+00,-1.60931335426380100e-02, 1.09242938635337672e+00,-6.16817759841641489e-03, 2.08107738233107842e+00, 1.37407175381263541e-01,-4.71368925363777151e+01
 3.46298511817438759e-01, 3.17000000000116415e+01,-8.07406680541662702e-02,-5.02810581455463983e-04,-1.19674559149788617e+00, 3.05908227426136659e-01, 1.41124194792942714e+00, 1.25291686746353270e+00, 5.81804482635094544e-01,-2.24921793177846174e+00,-1.61183700028198970e-02, 1.09117895324233216e+00,-6.52645368270395477e-03, 2.08214962010361715e+00, 1.35621938891906185e-01,-4.73025855752508733e+01
 3.46428011009928150e-01, 3.17500000000000000e+01,-8.08231945050006256e-02,-4.50636347910784193e-04,-1.18663459547111017e+00, 2.96056352515141397e-01, 1.42448564488356233e+00, 1.24662622829407543e+00, 5.76937772896807144e-01,-2.25465605112582379e+00,-1.61435637129389090e-02, 1.08992588559328873e+00,-6.88389589618015278e-03, 2.08320197767261162e+00, 1.33858662482530838e-01,-4.74679979334033888e+01
 3.46555093798720348e-01, 3.18000000000029104e+01,-8.09056304138625615e-02,-4.03991200527313154e-04,-1.17662838658563240e+00, 2.86220802015964448e-01, 1.43778494336748874e+00, 1.24031597127260396e+00, 5.72115538464930573e-01,-2.25980326590165825e+00,-1.61687166782543759e-02, 1.08867010109558704e+00,-7.24053003781594418e-03, 2.08423458493960201e+00, 1.32117111763359496e-01,-4.76331427766085582e+01
 3.46679773283785964e-01, 3.18500000000058208e+01,-8.09879836855055268e-02,-3.63197493781156533e-04,-1.16672391495914018e+00, 2.76400622866040502e-01, 1.45114010192428333e+00, 1.23398611345355014e+00, 5.67337013583437466e-01,-2.26465825956407674e+00,-1.61938313309902236e-02, 1.08741149464890041e+00,-7.59638730577954710e-03, 2.08524755457245448e+00, 1.30396983569251113e-01,-4.77980360739273920e+01
 3.46802064971400981e-01, 3.19000000000087311e+01,-8.10702605315175434e-02,-3.27027160487258219e-04,-1.15691908526006415e+00, 2.66595053044613506e-01, 1.46455111826169770e+00, 1.22763672603007090e+00, 5.62601487158810309e-01,-2.26921860747676263e+00,-1.62189096146333617e-02, 1.08614998410996511e+00,-7.95149278687677478e-03, 2.08624101864036815e+00, 1.28698058066215870e-01,-4.79626905855588177e+01
 3.46921983635820053e-01, 3.19500000000116415e+01,-8.11524676804038642e-02,-2.94715019907052650e-04,-1.14721155009906473e+00, 2.56803272555555351e-01, 1.47801806468802277e+00, 1.22126785557620554e+00, 5.57908241009168582e-01,-2.27348222252493137e+00,-1.62439536213473887e-02, 1.08488547850946859e+00,-8.30587346837903355e-03, 2.08721510311380687e+00, 1.27020092586729721e-01,-4.81271200478566001e+01
 3.47039542197470408e-01, 3.20000000000000000e+01,-8.12346130699664742e-02,-2.66453284261975495e-04,-1.13759848003792285e+00, 2.47024325721838078e-01, 1.49154119718443168e+00, 1.21487950316482518e+00, 5.53256535028619156e-01,-2.27744783454852184e+00,-1.62689657909034398e-02, 1.08361786781162062e+00,-8.65956071458421489e-03, 2.08816991875799918e+00, 1.25362790203285696e-01,-4.82913404794338845e+01
 3.47154755468676635e-01, 3.20500000000029104e+01,-8.13167034073959266e-02,-2.41451385420479308e-04,-1.12807759022338061e+00, 2.37257395462412646e-01, 1.50512057671922816e+00, 1.20847170357510025e+00, 5.48645666180345160e-01,-2.28111334403342791e+00,-1.62939482085571671e-02, 1.08234705836867873e+00,-9.01258148811848701e-03, 2.08910559156009557e+00, 1.23725914048358615e-01,-4.84553655712894980e+01
 3.47267637884376257e-01, 3.21000000000058208e+01,-8.13987456468275722e-02,-2.19108761004979820e-04,-1.11864651522526515e+00, 2.27501637193705530e-01, 1.51875629593664185e+00, 1.20204447803243641e+00, 5.44074932564884484e-01,-2.28447681687570991e+00,-1.63189030302415446e-02, 1.08107295150599181e+00,-9.36496366537261336e-03, 2.09002224429604189e+00, 1.22109217818050966e-01,-4.86192094784627500e+01
 3.47378202183491969e-01, 3.21500000000087311e+01,-8.14807477704134475e-02,-1.99525791946469406e-04,-1.10930261655075046e+00, 2.17756091288971998e-01, 1.53244860241862502e+00, 1.19559781295851786e+00, 5.39543618146419601e-01,-2.28753703941815090e+00,-1.63438327066824235e-02, 1.07979543194943939e+00,-9.71673881702879438e-03, 2.09091998582714167e+00, 1.20512411066368716e-01,-4.87828882914913109e+01
 3.47486462530957552e-01, 3.22000000000116415e+01,-8.15627169023568077e-02,-1.82217951367856816e-04,-1.10004351718563353e+00, 2.08019894577708087e-01, 1.54619760190276523e+00, 1.18913171315151067e+00, 5.35051031480496486e-01,-2.29029219657894156e+00,-1.63687394419440892e-02, 1.07851439544737771e+00,-1.00679354770522068e-02, 2.09179893645397463e+00, 1.18935244803223233e-01,-4.89464164814264677e+01
 3.47592433026743697e-01, 3.22500000000000000e+01,-8.16446602071956712e-02,-1.66723382420958042e-04,-1.09086684631738362e+00, 1.98292179614018904e-01, 1.56000339694710144e+00, 1.18264617725157284e+00, 5.30596487190072130e-01,-2.29274049994827678e+00,-1.63936254513075419e-02, 1.07722973566626545e+00,-1.04185823471924441e-02, 2.09265921580881020e+00, 1.17377470504301751e-01,-4.91098085929641854e+01
 3.47696126225663593e-01, 3.23000000000029104e+01,-8.17265857176782129e-02,-1.53082659864227355e-04,-1.08177013166065739e+00, 1.88571982074512423e-01, 1.57386621821141115e+00, 1.17614117869347234e+00, 5.26179292000109933e-01,-2.29488080171944864e+00,-1.64184931983544641e-02, 1.07594133187396901e+00,-1.07687112236272853e-02, 2.09350093084246547e+00, 1.15838804428824452e-01,-4.92730808010487067e+01
 3.47797555692122895e-01, 3.23500000000058208e+01,-8.18085009064483670e-02,-1.41015737452354639e-04,-1.07275098526432000e+00, 1.78858400509550819e-01, 1.58778619668430832e+00, 1.16961669834586246e+00, 5.21798768683724878e-01,-2.29671153837961839e+00,-1.64433449859636462e-02, 1.07464907001141752e+00,-1.11183519456721936e-02, 2.09432419656625424e+00, 1.14318989842654720e-01,-4.94362482255098996e+01
 3.47896735196463081e-01, 3.24000000000087311e+01,-8.18904131328833801e-02,-1.30174681732097441e-04,-1.06380704459049702e+00, 1.69150546373767474e-01, 1.60176343216722539e+00, 1.16307271512478416e+00, 5.17454248540774153e-01,-2.29823106002158628e+00,-1.64681830842444317e-02, 1.07335283615480015e+00,-1.14675339745262724e-02, 2.09512912952744434e+00, 1.12817777346907788e-01,-4.95993257710258391e+01
 3.47993676902148497e-01, 3.24500000000116415e+01,-8.19723305694356474e-02,-1.20625116934627594e-04,-1.05493599930371751e+00, 1.59447440758605286e-01, 1.61579814107261766e+00, 1.15650919116866624e+00, 5.13145059306841067e-01,-2.29943838491896946e+00,-1.64930099949441161e-02, 1.07205250267212882e+00,-1.18162896292235749e-02, 2.09591583309910634e+00, 1.11334886685006088e-01,-4.97623298631217637e+01
 3.48088393681588282e-01, 3.25000000000000000e+01,-8.20542610374566384e-02,-1.12256194682268344e-04,-1.04613552722760494e+00, 1.49748144079524970e-01, 1.62989046870495469e+00, 1.14992608867480817e+00, 5.08870539336463201e-01,-2.30033223753510763e+00,-1.65178281193861035e-02, 1.07074794548977015e+00,-1.21646500266779090e-02, 2.09668441627795099e+00, 1.09870054840509032e-01,-4.99252762679775586e+01
 3.48180898907076763e-01, 3.25500000000029104e+01,-8.21362121112586968e-02,-1.04831171132817308e-04,-1.03740329443616264e+00, 1.40051744487774243e-01, 1.64404050315707950e+00, 1.14332336917748134e+00, 5.04630036280440009e-01,-2.30091113258196156e+00,-1.65426397881420807e-02, 1.06943904261790901e+00,-1.25126454439367946e-02, 2.09743499198692485e+00, 1.08423031466431244e-01,-5.00881802872442137e+01
 3.48271205605724998e-01, 3.26000000000058208e+01,-8.22181915375950340e-02,-9.81978314412123015e-05,-1.02873698785416123e+00, 1.30357311159759792e-01, 1.65824834123837794e+00, 1.13670098797542685e+00, 5.00422902095590705e-01,-2.30117372691430333e+00,-1.65674473806327674e-02, 1.06812566787282970e+00,-1.28603067771505125e-02, 2.09816767021891959e+00, 1.06993561831225284e-01,-5.02510575432969233e+01
 3.48359326774067557e-01, 3.26500000000087311e+01,-8.23002070783147299e-02,-9.22076798516810616e-05,-1.02013430295051899e+00, 1.20663911819539393e-01, 1.67251406128259439e+00, 1.13005889661577341e+00, 4.96248494852986333e-01,-2.30111868739120196e+00,-1.65922532802610691e-02, 1.06680769321744062e+00,-1.32076649926854313e-02, 2.09888256059140144e+00, 1.05581393257629566e-01,-5.04139236846563961e+01
 3.48445273156727686e-01, 3.27000000000116415e+01,-8.23822674194154697e-02,-8.68413013210123623e-05,-1.01159341420283755e+00, 1.10970512376740604e-01, 1.68683786986467177e+00, 1.12339704769510451e+00, 4.92106176332434475e-01,-2.30074551818617357e+00,-1.66170601314168144e-02, 1.06548497502795225e+00,-1.35547541914646814e-02, 2.09957975432914168e+00, 1.04186242045532951e-01,-5.05767960733846564e+01
 3.48529058282084081e-01, 3.27500000000000000e+01,-8.24643801100282958e-02,-8.19249946475787748e-05,-1.00311191973591307e+00, 1.01276204453998098e-01, 1.70121976420377830e+00, 1.11671538380223145e+00, 4.87995317095706815e-01,-2.30005268795039886e+00,-1.66418702568155129e-02, 1.06415738507840718e+00,-1.39016046569765839e-02, 2.10025936511688638e+00, 1.02807868927243681e-01,-5.07396899595519670e+01
 3.48610694592367987e-01, 3.28000000000029104e+01,-8.25465531463971808e-02,-7.73484487444017776e-05,-9.94687643839364366e-01, 9.15800305196234898e-02, 1.71565978736438618e+00, 1.11001384667649616e+00, 4.83915292465461944e-01,-2.29903906695893401e+00,-1.66666861053069507e-02, 1.06282478675376368e+00,-1.42482481972711593e-02, 2.10092149770551950e+00, 1.01446020937372761e-01,-5.09026214213785124e+01
 3.48690194456594382e-01, 3.28500000000058208e+01,-8.26287945570857996e-02,-7.30078852379423851e-05,-9.86318426018609751e-01, 8.18810296770369206e-02, 1.73015795871627454e+00, 1.10329237501889721e+00, 4.79865483469784526e-01,-2.29770355064863097e+00,-1.66915101346132369e-02, 1.06148704125860704e+00,-1.45947167447076157e-02, 2.10156625613138726e+00, 1.00100446673148671e-01,-5.10656065953367388e+01
 3.48767569862215077e-01, 3.29000000000087311e+01,-8.27111124815484849e-02,-6.89010621054848138e-05,-9.78002249875592700e-01, 7.21782292449133500e-02, 1.74471428424601638e+00, 1.09655091053927944e+00, 4.75845278263303750e-01,-2.29604528402806229e+00,-1.67163448328957499e-02, 1.06014400643811135e+00,-1.49410425908403106e-02, 2.10219374121733171e+00, 9.87708942477509705e-02,-5.12286618177518562e+01
 3.48842832041668438e-01, 3.29500000000116415e+01,-8.27935152650642187e-02,-6.52434047566343762e-05,-9.69737407025833220e-01, 6.24706345819454612e-02, 1.75932876965588436e+00, 1.08978940492007004e+00, 4.71854073795101470e-01,-2.29406393638127515e+00,-1.67411927448097020e-02, 1.05879553533026916e+00,-1.52872586694038498e-02, 2.10280404754680683e+00, 9.74571088829242343e-02,-5.13918037958661387e+01
 3.48915993356470278e-01, 3.30000000000000000e+01,-8.28760109793338778e-02,-6.18880064587371649e-05,-9.61521698404509406e-01, 5.27572804373792614e-02, 1.77400134047325153e+00, 1.08300778427257893e+00, 4.67891266507663828e-01,-2.29175832725554773e+00,-1.67660563399652726e-02, 1.05744148328554166e+00,-1.56333971171901120e-02, 2.10339727874387483e+00, 9.61588454807965065e-02,-5.15550487442046190e+01
 3.48987065566663535e-01, 3.30500000000029104e+01,-8.29586078628913037e-02,-5.88578412570190998e-05,-9.53353160826353019e-01, 4.30371837743590557e-02, 1.78873191016771393e+00, 1.07620598234582787e+00, 4.63956260763555450e-01,-2.28912768603293770e+00,-1.67909381337777927e-02, 1.05608170141954738e+00,-1.59794905946819728e-02, 2.10397353344060800e+00, 9.48758570595922418e-02,-5.17184131780316250e+01
 3.49056060323388817e-01, 3.31000000000058208e+01,-8.30413141955806261e-02,-5.61946004506318810e-05,-9.45229860176105663e-01, 3.33093572132401317e-02, 1.80352035716594616e+00, 1.06938393125239273e+00, 4.60048466327855676e-01,-2.28617129352269366e+00,-1.68158406530270824e-02, 1.05471603845854367e+00,-1.63255719079559262e-02, 2.10453290927334402e+00, 9.36078980823280699e-02,-5.18819136872264011e+01
 3.49122989185545074e-01, 3.31500000000087311e+01,-8.31241380563017829e-02,-5.36285642515822210e-05,-9.37150088847990337e-01, 2.35728370439658441e-02, 1.81836647910422800e+00, 1.06254158723384839e+00, 4.56167308254931680e-01,-2.28288846647990828e+00,-1.68407663641461300e-02, 1.05334434467869498e+00,-1.66716730483121162e-02, 2.10507550301930602e+00, 9.23547332055271314e-02,-5.20455664654537529e+01
 3.49187863599857484e-01, 3.32000000000116415e+01,-8.32070876138187587e-02,-5.09728326364486322e-05,-9.29112132082613784e-01, 1.38266495865662087e-02, 1.83327004061226062e+00, 1.05567889995875053e+00, 4.52312214684581160e-01,-2.27927857614326790e+00,-1.68657177593163655e-02, 1.05196646719792186e+00,-1.70178263422151761e-02, 2.10560141043652083e+00, 9.11161266369168860e-02,-5.22093878754329737e+01
 3.49250694889982893e-01, 3.32500000000000000e+01,-8.32901712863531596e-02,-4.83424923233895541e-05,-9.21114134309947041e-01, 4.06979273642527062e-03, 1.84823079854576111e+00, 1.04879579587539329e+00, 4.48482610266439818e-01,-2.27534105813746113e+00,-1.68906974037186033e-02, 1.05058224732514049e+00,-1.73640650822138760e-02, 2.10611072617705153e+00, 8.98918365246776374e-02,-5.23733947591697131e+01
 3.49311494279795298e-01, 3.33000000000029104e+01,-8.33733974017809437e-02,-4.56916313356736949e-05,-9.13154376291972047e-01,-5.69872474200683321e-03, 1.86324843858981826e+00, 1.04189221428315570e+00, 4.44677930070614180e-01,-2.27107539081259979e+00,-1.69157078349428912e-02, 1.04919152608986610e+00,-1.77104221802343344e-02, 2.10660354397728078e+00, 8.86816272251908511e-02,-5.25376037775190809e+01
 3.49370272885152433e-01, 3.33500000000058208e+01,-8.34567743163785319e-02,-4.29750959612330065e-05,-9.05231178451968987e-01,-1.54798969511396045e-02, 1.87832259257294565e+00, 1.03496809490359953e+00, 4.40897614584047914e-01,-2.26648110273265813e+00,-1.69407515981459741e-02, 1.04779414229993217e+00,-1.80569306363908451e-02, 2.10707995659266523e+00, 8.74852650089862210e-02,-5.27020316410162266e+01
 3.49427042132481824e-01, 3.34000000000087311e+01,-8.35403098257491844e-02,-4.06338363254097048e-05,-8.97343100044900366e-01,-2.52746535864198929e-02, 1.89345273066412245e+00, 1.02802342397048863e+00, 4.37141125739822500e-01,-2.26155803889555429e+00,-1.69658310737834002e-02, 1.04638994219233017e+00,-1.84036213000040999e-02, 2.10754005919168685e+00, 8.63025368204372867e-02,-5.28666939788306678e+01
 3.49481812909683276e-01, 3.34500000000116415e+01,-8.36240123600391905e-02,-3.86130385685540083e-05,-8.89488536614228109e-01,-3.50839964529132686e-02, 1.90863836790290620e+00, 1.02105814109381665e+00, 4.33407913977059356e-01,-2.25630582281155823e+00,-1.69909488271506245e-02, 1.04497875991628120e+00,-1.87505274085371376e-02, 2.10798394247525689e+00, 8.51332119256534431e-02,-5.30316076337207107e+01
 3.49534596077728299e-01, 3.35000000000000000e+01,-8.37078902637449218e-02,-3.69529096629116687e-05,-8.81665962083961086e-01,-4.49089172070535891e-02, 1.92387893355619255e+00, 1.01407219559781225e+00, 4.29697437981732433e-01,-2.25072417979517647e+00,-1.70161073977697398e-02, 1.04356042924513215e+00,-1.90976818504038151e-02, 2.10841169682496332e+00, 8.39770651414293856e-02,-5.31967892792265218e+01
 3.49585402447447346e-01, 3.35500000000029104e+01,-8.37919518285036441e-02,-3.57624683747830778e-05,-8.73873918206197309e-01,-5.47504011074186892e-02, 1.93917377246231681e+00, 1.00706554408283044e+00, 4.26009163661550616e-01,-2.24481292276054845e+00,-1.70413093089834648e-02, 1.04213478305355878e+00,-1.94451172881696457e-02, 2.10882341211626478e+00, 8.28338757182391222e-02,-5.33622554826606716e+01
 3.49634242789815808e-01, 3.36000000000058208e+01,-8.38762052616423975e-02,-3.50109831772771798e-05,-8.66111011841188883e-01,-6.46094234030283321e-02, 1.95452213481011827e+00, 1.00003815281411046e+00, 4.22342564740420201e-01,-2.23857196038845574e+00,-1.70665570586938306e-02, 1.04070165385578384e+00,-1.97928660346173776e-02, 2.10921917780317969e+00, 8.17034276201302062e-02,-5.35280226443017426e+01
 3.49681128148932929e-01, 3.36500000000087311e+01,-8.39606581501346760e-02,-3.36247296342251175e-05,-8.58376019180742911e-01,-7.44868879911051440e-02, 1.96992307560385260e+00, 9.92990038559833477e-01, 4.18697136320240026e-01,-2.23200150554125054e+00,-1.70918529622207556e-02, 1.03926088279174444e+00,-2.01409579979780935e-02, 2.10959908545559616e+00, 8.05855224091833466e-02,-5.36941059656633826e+01
 3.49726068951214608e-01, 3.37000000000116415e+01,-8.40453189866999933e-02,-3.20493297293880915e-05,-8.50667591360220743e-01,-8.43838020907012876e-02, 1.98537572202496970e+00, 9.85921152703519654e-01, 4.15072355720786934e-01,-2.22510148611699377e+00,-1.71171995996946512e-02, 1.03781229418823906e+00,-2.04894265264643598e-02, 2.10996322154239513e+00, 7.94799421154897962e-02,-5.38605223869045702e+01
 3.49769075741476809e-01, 3.37500000000000000e+01,-8.41301959086719342e-02,-3.01346676147637816e-05,-8.42984498138889204e-01,-9.43011318984123825e-02, 2.00087904366358149e+00, 9.78831477224964219e-01, 4.11467714708702748e-01,-2.21787203134684585e+00,-1.71425994463491431e-02, 1.03635571653468084e+00,-2.08383035757861677e-02, 2.11031167339754067e+00, 7.83864800103482168e-02,-5.40272881594718370e+01
 3.49810158982898134e-01, 3.38000000000029104e+01,-8.42152970408763385e-02,-2.77091672714438564e-05,-8.35325562290388346e-01,-1.04239841839179448e-01, 2.01643190831122432e+00, 9.71720998733577979e-01, 4.07882710599971665e-01,-2.21031334011533520e+00,-1.71680549730429052e-02, 1.03489097678729047e+00,-2.11876210211462690e-02, 2.11064452760046084e+00, 7.73049322010603973e-02,-5.41944195060873071e+01
 3.49849329218950011e-01, 3.38500000000058208e+01,-8.43006301749992110e-02,-2.53703130434683067e-05,-8.27689685073643711e-01,-1.14200857835923486e-01, 2.03203301890059640e+00, 9.64589733662714499e-01, 4.04316854415289695e-01,-2.20242585360291310e+00,-1.71935685521258340e-02, 1.03341790581366011e+00,-2.15374094211199830e-02, 2.11096187128929058e+00, 7.62351033928192062e-02,-5.43619320027018418e+01
 3.49886597009253397e-01, 3.39000000000087311e+01,-8.43862028966086142e-02,-2.41781672217307027e-05,-8.20075836951869364e-01,-1.24185081879727877e-01, 2.04768093047713817e+00, 9.57437718343469579e-01, 4.00769667427471166e-01,-2.19421018973242576e+00,-1.72191424947359291e-02, 1.03193633632117510e+00,-2.18876985053515286e-02, 2.11126379164236555e+00, 7.51768044121039480e-02,-5.45298408233721617e+01
 3.49921972528088265e-01, 3.39500000000116415e+01,-8.44720233794219733e-02,-2.36925748779031033e-05,-8.12482996435963667e-01,-1.34193483025966565e-01, 2.06337418709422460e+00, 9.50264946952998457e-01, 3.97240660666057788e-01,-2.18566671542372815e+00,-1.72447792839979588e-02, 1.03044608933521609e+00,-2.22385202312465752e-02, 2.11155037262698908e+00, 7.41298379527492585e-02,-5.46981622713550024e+01
 3.49955466019448769e-01, 3.40000000000000000e+01,-8.45580994849843975e-02,-2.41927589981908708e-05,-8.04910220814829547e-01,-1.44226994247597329e-01, 2.07911115405726310e+00, 9.43071442077184741e-01, 3.93729358010332375e-01,-2.17679603056109849e+00,-1.72704813106947797e-02, 1.02894698946992236e+00,-2.25899053157601025e-02, 2.11182169868745451e+00, 7.30940148232780279e-02,-5.48669120436250353e+01
 3.49987087657619655e-01, 3.40500000000029104e+01,-8.46444390386611040e-02,-2.59982789624896142e-05,-7.97356625429412103e-01,-1.54286544062912645e-01, 2.09489006112007070e+00, 9.35857233164458568e-01, 3.90235288970603722e-01,-2.16759882065201825e+00,-1.72962509543018485e-02, 1.02743886026526376e+00,-2.29418842965565146e-02, 2.11207785361677924e+00, 7.20691489156248255e-02,-5.50361057629168613e+01
 3.50016847738288950e-01, 3.41000000000058208e+01,-8.47310491216764772e-02,-2.66226788379035058e-05,-7.89821394562790324e-01,-1.64372975114584596e-01, 2.11070886811478564e+00, 9.28622410603613946e-01, 3.86758006888085648e-01,-2.15807638243439026e+00,-1.73220903742026811e-02, 1.02592153647580142e+00,-2.32944847614192513e-02, 2.11231892210608496e+00, 7.10550666203405568e-02,-5.52057576069247489e+01
 3.50044756353810438e-01, 3.41500000000087311e+01,-8.48179372736311832e-02,-2.55919653178300036e-05,-7.82303764797666723e-01,-1.74487182506653626e-01, 2.12656547542381924e+00, 9.21367033900843402e-01, 3.83297057630421711e-01,-2.14822973755466906e+00,-1.73480018643309836e-02, 1.02439484335555120e+00,-2.36477360500355026e-02, 2.11254498711530037e+00, 7.00515905534011274e-02,-5.53758826367485213e+01
 3.50070823483485560e-01, 3.42000000000116415e+01,-8.49051111582597995e-02,-2.31145311087195741e-05,-7.74803030976649376e-01,-1.84630075348159117e-01, 2.14245765661269782e+00, 9.14091157324140258e-01, 3.79851988239235883e-01,-2.13805987736465264e+00,-1.73739877546015796e-02, 1.02285860235933423e+00,-2.40016679450870685e-02, 2.11275613060587464e+00, 6.90585441566601566e-02,-5.55464961497264511e+01
 3.50095059094227889e-01, 3.42500000000000000e+01,-8.49925781905878086e-02,-1.85797859732624763e-05,-7.67318552427687983e-01,-1.94802533879211204e-01, 2.15838298390283256e+00, 9.06794858373777157e-01, 3.76422356455430596e-01,-2.12756804077819606e+00,-1.74000503009568777e-02, 1.02131263763774394e+00,-2.43563092123672484e-02, 2.11295243435746105e+00, 6.80757566182828289e-02,-5.57176129575219150e+01
 3.50117473095702514e-01, 3.43000000000029104e+01,-8.50803457103132543e-02,-1.13687750321212548e-05,-7.59849750812301994e-01,-2.05005429426168506e-01, 2.17433885203652855e+00, 8.99478224526061632e-01, 3.73007726123233851e-01,-2.11675558512144946e+00,-1.74261917365136666e-02, 1.01975677305961399e+00,-2.47116882778181425e-02, 2.11313397960578975e+00, 6.71030604828160987e-02,-5.58892477219339412e+01
 3.50138075916692104e-01, 3.43500000000058208e+01,-8.51684197014426075e-02,-9.74676257292964891e-06,-7.52396051271321809e-01,-2.15239477748645713e-01, 2.19032224138335696e+00, 8.92141445634159425e-01, 3.69607699563351599e-01,-2.10562469394332874e+00,-1.74524138952560498e-02, 1.01819085474299209e+00,-2.50678282794357492e-02, 2.11330085171214943e+00, 6.61403052993790042e-02,-5.60614124842074659e+01
 3.50156877189417515e-01, 3.44000000000087311e+01,-8.52568077145300779e-02,-1.06116466929749702e-05,-7.44957018524771253e-01,-2.25505573817777361e-01, 2.20633023420042562e+00, 8.84784602903154638e-01, 3.66221843184652618e-01,-2.09417677122329282e+00,-1.74787190709084460e-02, 1.01661469990653996e+00,-2.54247583559705261e-02, 2.11345312950820352e+00, 6.51873260839436336e-02,-5.62341223040682507e+01
 3.50173886767610021e-01, 3.44500000000116415e+01,-8.53455166055250569e-02,-1.51511598593225799e-05,-7.37532253995873521e-01,-2.35804532775513165e-01, 2.22235960083542983e+00, 8.77407832216850259e-01, 3.62849744925923756e-01,-2.08241368437105656e+00,-1.75051093523678307e-02, 1.01502813642769074e+00,-2.57825049090168248e-02, 2.11359089354328233e+00, 6.42439677362363071e-02,-5.64073908964226547e+01
 3.50189114458685780e-01, 3.45000000000000000e+01,-8.54345531305570338e-02,-2.47286146111943200e-05,-7.30121424191249924e-01,-2.46137158087598173e-01, 2.23840689820168981e+00, 8.70011281145708582e-01, 3.59490999009694001e-01,-2.07033743941712256e+00,-1.75315867985186107e-02, 1.01343099248578206e+00,-2.61410938995071084e-02, 2.11371422391631159e+00, 6.33100785471573252e-02,-5.65812317791258437e+01
 3.50202570093240240e-01, 3.45500000000029104e+01,-8.55239235547027576e-02,-3.72223704332646734e-05,-7.22724223338709559e-01,-2.56504196529662387e-01, 2.25446839146245370e+00, 8.62595135600484397e-01, 3.56145215773583879e-01,-2.05795036294084044e+00,-1.75581533226533207e-02, 1.01182310359966854e+00,-2.65005493067015131e-02, 2.11382320083988029e+00, 6.23855135120572335e-02,-5.67556575141319257e+01
 3.50214263606122456e-01, 3.46000000000058208e+01,-8.56136331949558099e-02,-4.27084099985028251e-05,-7.15340327787113761e-01,-2.66906285631026474e-01, 2.27053996499425015e+00, 8.55159650873874133e-01, 3.52812033059117514e-01,-2.04525531804202787e+00,-1.75848105574540267e-02, 1.01020432098911295e+00,-2.68608913285938930e-02, 2.11391790529804746e+00, 6.14701380569549205e-02,-5.69306788210129397e+01
 3.50224204618860946e-01, 3.46500000000087311e+01,-8.57036887725462909e-02,-4.54825612873448927e-05,-7.07969629194016292e-01,-2.77344224384083793e-01, 2.28661753302928084e+00, 8.47704991164786814e-01, 3.49491056430466907e-01,-2.03225462074987240e+00,-1.76115605499441927e-02, 1.00857446944877527e+00,-2.72221456363327570e-02, 2.11399841566567792e+00, 6.05638078479580760e-02,-5.71063091397495697e+01
 3.50232402824235289e-01, 3.47000000000116415e+01,-8.57940962466736401e-02,-4.38086267348946861e-05,-7.00612023369837966e-01,-2.87818723946542843e-01, 2.30269664367199667e+00, 8.40231377298675253e-01, 3.46181914123094459e-01,-2.01895103885010707e+00,-1.76384051215084138e-02, 1.00693338611843974e+00,-2.75843348486553494e-02, 2.11406481082430053e+00, 5.96663874001419278e-02,-5.72825604288632633e+01
 3.50238867876673632e-01, 3.47500000000000000e+01,-8.58848614318265535e-02,-3.56819206799834093e-05,-6.93267471779014710e-01,-2.98330478702733881e-01, 2.31877258014583454e+00, 8.32739044521601190e-01, 3.42884241243316124e-01,-2.00534751026851676e+00,-1.76653460502707582e-02, 1.00528090951064564e+00,-2.79474809595155853e-02, 2.11411716927564752e+00, 5.87777446894562974e-02,-5.74594443628431080e+01
 3.50243609476569406e-01, 3.48000000000029104e+01,-8.59759892138450693e-02,-2.69503143904872134e-05,-6.85936001246539084e-01,-3.08880076090953137e-01, 2.33484021392581553e+00, 8.25228294163858567e-01, 3.39597699050177282e-01,-1.99144763142293746e+00,-1.76923848391913816e-02, 1.00361689385426023e+00,-2.83116022378928391e-02, 2.11415556982570862e+00, 5.78977580632642971e-02,-5.76369708095562601e+01
 3.50246637268123273e-01, 3.48500000000058208e+01,-8.60674844996294208e-02,-2.15297068256114074e-05,-6.78617706946930022e-01,-3.19468105922078083e-01, 2.35089416420703046e+00, 8.17699430720530307e-01, 3.36321951258315377e-01,-1.97725507605164874e+00,-1.77195229970139347e-02, 1.00194119200512044e+00,-2.86767169808492851e-02, 2.11418009075858659e+00, 5.70263075556318097e-02,-5.78151496748420399e+01
 3.50247960785985302e-01, 3.49000000000087311e+01,-8.61593527135877807e-02,-1.62224732492466331e-05,-6.71312754812278256e-01,-3.30095217473693747e-01, 2.36692887414404307e+00, 8.10152729015425455e-01, 3.33056651749642607e-01,-1.96277328609553292e+00,-1.77467621851286408e-02, 1.00025364633267122e+00,-2.90428454741712798e-02, 2.11419080940557391e+00, 5.61632705496111981e-02,-5.79939918667593588e+01
 3.50247589571819673e-01, 3.49500000000116415e+01,-8.62515987135290402e-02,-1.19458018646537968e-05,-6.64021380817944151e-01,-3.40761994784904321e-01, 2.38293841088649350e+00, 8.02588505649394102e-01, 3.29801471288456272e-01,-1.94800614618871326e+00,-1.77741038968719130e-02, 9.98554108536693796e-01,-2.94100057057496735e-02, 2.11418780309035936e+00, 5.53085313605446646e-02,-5.81735071899895360e+01
 3.50245533133380194e-01, 3.50000000000000000e+01,-8.63442271712282911e-02,-9.79773826876569547e-06,-6.56743893130375067e-01,-3.51469000460118419e-01, 2.39891652292715518e+00, 7.95007093709009460e-01, 3.26556088000810929e-01,-1.93295775108434875e+00,-1.78015495701086650e-02, 9.96842432794885935e-01,-2.97782148686011397e-02, 2.11417114879877976e+00, 5.44619777678323758e-02,-5.83537050850089400e+01
 3.50241801674870235e-01, 3.50500000000029104e+01,-8.64372404987289039e-02,-6.35234536123798222e-06,-6.49480425106227055e-01,-3.62216538174012559e-01, 2.41485627814355297e+00, 7.87408970421899501e-01, 3.23320239655996600e-01,-1.91763288568710188e+00,-1.78290999766214549e-02, 9.95118514099644580e-01,-3.01474813032681678e-02, 2.11414092909491957e+00, 5.36235138717001125e-02,-5.85345906190495526e+01
 3.50236404611456387e-01, 3.51000000000058208e+01,-8.65306430660681830e-02,-3.20671712365231077e-06,-6.42231437304470076e-01,-3.73005135852717329e-01, 2.43075077726173117e+00, 7.79794496851188512e-01, 3.20093616774756395e-01,-1.90203606395984903e+00,-1.78567564640490679e-02, 9.93382210860358827e-01,-3.05178208851274099e-02, 2.11409722009194567e+00, 5.27930334612895721e-02,-5.87161726401971649e+01
 3.50229351470589922e-01, 3.51500000000087311e+01,-8.66244386421868989e-02,-1.19940954327784851e-06,-6.34997416808847248e-01,-3.83835252507162217e-01, 2.44659270363336567e+00, 7.72164075557465579e-01, 3.16875927432083981e-01,-1.88617211470347779e+00,-1.78845202023486909e-02, 9.91633391859023883e-01,-3.08892470788572002e-02, 2.11404009875272347e+00, 5.19704361678579516e-02,-5.88984588299475647e+01
 3.50220651844801056e-01, 3.52000000000116415e+01,-8.67186305289028708e-02,-7.08930701193128367e-07,-6.27778893564020390e-01,-3.94707293618286048e-01, 2.46237433806110850e+00, 7.64518142093223330e-01, 3.13666893714443562e-01,-1.87004615551415676e+00,-1.79123922232477181e-02, 9.89871933948904714e-01,-3.12617714585173151e-02, 2.11396964250871555e+00, 5.11556264904751007e-02,-5.90814559622319990e+01
 3.50210315382984194e-01, 3.52500000000000000e+01,-8.68132214755862747e-02,-1.76564746176795521e-06,-6.20576432096079711e-01,-4.05621601336458415e-01, 2.47808753667699300e+00, 7.56857169314431921e-01, 3.10466253735052711e-01,-1.85366359469051689e+00,-1.79403733949054581e-02, 9.88097723820419827e-01,-3.16354033651877892e-02, 2.11388592919059537e+00, 5.03485140776688822e-02,-5.92651697370557144e+01
 3.50198352162549575e-01, 3.53000000000029104e+01,-8.69082120104992251e-02,-1.95967212736335242e-06,-6.13390434710810339e-01,-4.16578263136878180e-01, 2.49372345102416526e+00, 7.49181765992821935e-01, 3.07273803361375053e-01,-1.83703040297860420e+00,-1.79684639293650819e-02, 9.86310689571967436e-01,-3.20101433688243162e-02, 2.11378904004350421e+00, 4.95490229901728585e-02,-5.94496015466137919e+01
 3.50184771623756164e-01, 3.53500000000058208e+01,-8.70036052190660963e-02,-2.40924106879152651e-06,-6.06221703381980781e-01,-4.27577659972770086e-01, 2.50927330861755049e+00, 7.41492393279970408e-01, 3.04089275986738516e-01,-1.82015235780402729e+00,-1.79966647929930557e-02, 9.84510711241832759e-01,-3.23860019916871675e-02, 2.11367905109754384e+00, 4.87570644821362642e-02,-5.96347577357024932e+01
 3.50169583451640065e-01, 3.54000000000087311e+01,-8.70994027894334416e-02,-2.82661263500445408e-06,-5.99070978853489811e-01,-4.38620012642319645e-01, 2.52472774846819226e+00, 7.33789598868598847e-01, 3.00912441958095633e-01,-1.80303567340819293e+00,-1.80249765392205448e-02, 9.82697694902491481e-01,-3.27629842110899600e-02, 2.11355604031155320e+00, 4.79725594825319082e-02,-5.98206419379411756e+01
 3.50152797336116317e-01, 3.54500000000116415e+01,-8.71956060881291795e-02,-2.85843428886893372e-06,-5.91939067285363052e-01,-4.49705505224876401e-01, 2.54007699225037609e+00, 7.26073952902640984e-01, 2.97743081391968478e-01,-1.78568683484932378e+00,-1.80533996260560520e-02, 9.80871552678435177e-01,-3.31410936745283879e-02, 2.11342008563141182e+00, 4.71954323531344755e-02,-6.00072571604402043e+01
 3.50134423037946285e-01, 3.55000000000000000e+01,-8.72922151877224134e-02,-2.92737756724942385e-06,-5.84826731440954428e-01,-4.60834173305292305e-01, 2.55531068390628624e+00, 7.18346102579027646e-01, 2.94581008460468641e-01,-1.76811263395976814e+00,-1.80819341282327725e-02, 9.79032221449858686e-01,-3.35203288497174304e-02, 2.11327126552552480e+00, 4.64256158401916558e-02,-6.01946038938694414e+01
 3.50114470361297059e-01, 3.55500000000029104e+01,-8.73892292711456742e-02,-3.88905249259900708e-06,-5.77734734563145280e-01,-4.72005950561817489e-01, 2.57041795459988665e+00, 7.10606748941089328e-01, 2.91426060992446667e-01,-1.75032016319859585e+00,-1.81105798569080600e-02, 9.77179655523181978e-01,-3.39006846272556506e-02, 2.11310965876380408e+00, 4.56630487153382447e-02,-6.03826808983595953e+01
 3.50092948993205644e-01, 3.56000000000058208e+01,-8.74866489982248918e-02,-4.97791563903915230e-06,-5.70664110995703577e-01,-4.83220940881619598e-01, 2.58538778479471931e+00, 7.02856512829501567e-01, 2.88278041137146501e-01,-1.73231674084514009e+00,-1.81393370602619571e-02, 9.75313781399145374e-01,-3.42821616894737058e-02, 2.11293534311859199e+00, 4.49076635105792807e-02,-6.05714898033668234e+01
 3.50069868686604502e-01, 3.56500000000087311e+01,-8.75844738077107277e-02,-6.14231354506034765e-06,-5.63615862697158687e-01,-4.94479108151065216e-01, 2.60020857257193727e+00, 6.95096086909465560e-01, 2.85136782960628221e-01,-1.71411000314984330e+00,-1.81682056247831000e-02, 9.73434549407720451e-01,-3.46647558283567706e-02, 2.11274839684824212e+00, 4.41594004476901364e-02,-6.07610298636184964e+01
 3.50045239204131442e-01, 3.57000000000116415e+01,-8.76827027455491237e-02,-7.32836208900504579e-06,-5.56591053553693871e-01,-5.05780371541944107e-01, 2.61486826052298937e+00, 6.87326188477951794e-01, 2.82002131558373614e-01,-1.69570788219977842e+00,-1.81971853204753661e-02, 9.71541918073155042e-01,-3.50484612256390382e-02, 2.11254889824321035e+00, 4.34182030176418279e-02,-6.09512995690472152e+01
 3.50019070507626207e-01, 3.57500000000000000e+01,-8.77813325535531652e-02,-8.23861275027461409e-06,-5.49590592450989956e-01,-5.17124385681302923e-01, 2.62935405226442320e+00, 6.79547662057519042e-01, 2.78873990752363798e-01,-1.67711839157934728e+00,-1.82262752353582018e-02, 9.69635891372789716e-01,-3.54332629077064240e-02, 2.11233692716221366e+00, 4.26840268355837063e-02,-6.11422929319340582e+01
 3.49991372434813208e-01, 3.58000000000029104e+01,-8.78803609303961952e-02,-8.74212229407612994e-06,-5.42615602119114415e-01,-5.28510915878336318e-01, 2.64365290118954066e+00, 6.71761303247395025e-01, 2.75752241254308805e-01,-1.65835000659624621e+00,-1.82554747402947359e-02, 9.67716455961133093e-01,-3.58191496240314947e-02, 2.11211256241458312e+00, 4.19568240456020536e-02,-6.13340058216046344e+01
 3.49962154791949531e-01, 3.58500000000058208e+01,-8.79797855973144111e-02,-8.75772568041161143e-06,-5.35667317109772778e-01,-5.39939730630646708e-01, 2.65775136043110338e+00, 6.63967908573736998e-01, 2.72636764131905684e-01,-1.63941156023099111e+00,-1.82847832125647425e-02, 9.65783599151461281e-01,-3.62061101569507784e-02, 2.11187588251183911e+00, 4.12365477808646214e-02,-6.15264341495138183e+01
 3.49931427451173505e-01, 3.59000000000087311e+01,-8.80796033160564928e-02,-8.12978813937929196e-06,-5.28746972332400089e-01,-5.51410488701612467e-01, 2.67163544004018894e+00, 6.56168327946843988e-01, 2.69527465254695120e-01,-1.62031213560844223e+00,-1.83141997453090434e-02, 9.63837328187433728e-01,-3.65941294462822225e-02, 2.11162696645743875e+00, 4.05231566371892851e-02,-6.17195719615677234e+01
 3.49899200306510560e-01, 3.59500000000116415e+01,-8.81798103485856716e-02,-6.70736196513102449e-06,-5.21855855576555783e-01,-5.62922792038044184e-01, 2.68529067633689866e+00, 6.48363439325558844e-01, 2.66424263701422026e-01,-1.60106111694265674e+00,-1.83437232835521463e-02, 9.61877661527462235e-01,-3.69831904065376499e-02, 2.11136589339162306e+00, 3.98166123811484127e-02,-6.19134123311968452e+01
 3.49865483722203496e-01, 3.60000000000000000e+01,-8.82803994949287185e-02,-6.06373309339746401e-06,-5.14994914780156687e-01,-5.74475844226547960e-01, 2.69870174223400561e+00, 6.40554300951795774e-01, 2.63327165574283706e-01,-1.58166719985152193e+00,-1.83733517486620278e-02, 9.59904687423650871e-01,-3.73732622881951387e-02, 2.11109274622470711e+00, 3.91168921804181668e-02,-6.21079416108906344e+01
 3.49830287506371129e-01, 3.60500000000029104e+01,-8.83813668742310377e-02,-5.56968770703581233e-06,-5.08165653415389773e-01,-5.86069232516101324e-01, 2.71185337264257775e+00, 6.32741801316897501e-01, 2.60236094471726520e-01,-1.56214067155623160e+00,-1.84030840426743468e-02, 9.57918430929512899e-01,-3.77643273338492402e-02, 2.11080760332379391e+00, 3.84239599871361720e-02,-6.23031525918311146e+01
 3.49793621705997482e-01, 3.61000000000058208e+01,-8.84827066723298805e-02,-5.43234100353746468e-06,-5.01369440364742736e-01,-5.97702322150214571e-01, 2.72472964960530728e+00, 6.24926929273564857e-01, 2.57151022756185510e-01,-1.54249165369795560e+00,-1.84329184957997619e-02, 9.55918957086309917e-01,-3.81563601335342395e-02, 2.11051054495417967e+00, 3.77377885864483495e-02,-6.24990343108138973e+01
 3.49755496397664956e-01, 3.61500000000087311e+01,-8.85844125242695457e-02,-5.89629930249402349e-06,-4.94607692049667202e-01,-6.09374415839703976e-01, 2.73731420083252575e+00, 6.17110702242770537e-01, 2.54071936888061956e-01,-1.52273057082077568e+00,-1.84628532750654925e-02, 9.53906344040953869e-01,-3.85493330625027164e-02, 2.11020165158531015e+00, 3.70583536317404677e-02,-6.26955747332340110e+01
 3.49715921729519763e-01, 3.62000000000116415e+01,-8.86864768262588254e-02,-6.63827882422144733e-06,-4.87881764882108770e-01,-6.21084673730820325e-01, 2.74959012676217984e+00, 6.09294199320118079e-01, 2.50998854512361369e-01,-1.50286772928123602e+00,-1.84928861806010758e-02, 9.51880697005574872e-01,-3.89432135647537966e-02, 2.10988100423201219e+00, 3.63856360739096413e-02,-6.28927594155751919e+01
 3.49674907968499538e-01, 3.62500000000000000e+01,-8.87888899616170457e-02,-6.07840086574378574e-06,-4.81192830153805040e-01,-6.32832023302067559e-01, 2.76153993440042012e+00, 6.01478598745188053e-01, 2.47931843553995834e-01,-1.48291283946414509e+00,-1.85230144164579488e-02, 9.49842164203934636e-01,-3.93379611002002763e-02, 2.10954868483844127e+00, 3.57196247964759531e-02,-6.30905700006982144e+01
 3.49632465252081970e-01, 3.63000000000029104e+01,-8.88916443704526049e-02,-4.96503237373128623e-06,-4.74542515612410176e-01,-6.44615633031900170e-01, 2.77314603349321542e+00, 5.93664978005208122e-01, 2.44870920692887434e-01,-1.46287754030754824e+00,-1.85532357955678594e-02, 9.47790855613750871e-01,-3.97335432335102490e-02, 2.10920477426782327e+00, 3.50603014724725770e-02,-6.32889921291412847e+01
 3.49588603817530652e-01, 3.63500000000058208e+01,-8.89947307918355773e-02,-3.06995164064045448e-06,-4.67932316767834922e-01,-6.56434475139191731e-01, 2.78439029716450648e+00, 5.85854497103893812e-01, 2.41816145083233652e-01,-1.44277307947661138e+00,-1.85835476271224709e-02, 9.45726918211485468e-01,-4.01299207836374044e-02, 2.10884935416109087e+00, 3.44076543982428582e-02,-6.34880081340760469e+01
 3.49543333936466749e-01, 3.64000000000087311e+01,-8.90981393359329132e-02,-1.29916214113554632e-07,-4.61363764788262853e-01,-6.68287450372175185e-01, 2.79525421217747727e+00, 5.78048345481133263e-01, 2.38767591512926952e-01,-1.42261098044142198e+00,-1.86139470340148140e-02, 9.43650514812706009e-01,-4.05270520669095691e-02, 2.10848250640798396e+00, 3.37616743762932797e-02,-6.36875991255079228e+01
 3.49496666077283968e-01, 3.64500000000116415e+01,-8.92018581625940304e-02, 2.14418419991553050e-06,-4.54838183112336425e-01,-6.80173232221647162e-01, 2.80571876837763989e+00, 5.70247801730079051e-01, 2.35725383129372246e-01,-1.40240171794479451e+00,-1.86444305620534594e-02, 9.41561851104438352e-01,-4.09248877083568316e-02, 2.10810431446448376e+00, 3.31223587387284510e-02,-6.38877424245243049e+01
 3.49448610706600216e-01, 3.65000000000000000e+01,-8.93058750969612791e-02, 2.50906098585835489e-06,-4.48356980084400780e-01,-6.92090457248049962e-01, 2.81576466420720584e+00, 5.62454159473875670e-01, 2.32689651140162684e-01,-1.38215633844007835e+00,-1.86749946577576785e-02, 9.39461143383991004e-01,-4.13233770016096583e-02, 2.10771486174518330e+00, 3.24897060570088422e-02,-6.40884147003166476e+01
 3.49399178190481774e-01, 3.65500000000029104e+01,-8.94101784326431920e-02, 1.42014583000917843e-06,-4.41921800760227301e-01,-7.04037819951823796e-01, 2.82537240001415801e+00, 5.54668689767207623e-01, 2.29660514932714582e-01,-1.36188727713133462e+00,-1.87056359058855315e-02, 9.37348602273152642e-01,-4.17224710683956751e-02, 2.10731423082388991e+00, 3.18637135657383053e-02,-6.42895935296999568e+01
 3.49348379015912758e-01, 3.66000000000058208e+01,-8.95147551303770300e-02,-1.70687403928592473e-06,-4.35534195130361623e-01,-7.16013860396294000e-01, 2.83452212710941653e+00, 5.46892722690638045e-01, 2.26638126726042166e-01,-1.34160655097771842e+00,-1.87363504967183389e-02, 9.35224469476074072e-01,-4.21221157846234651e-02, 2.10690250522963574e+00, 3.12443826967270973e-02,-6.44912538995043576e+01
 3.49296223712736498e-01, 3.66500000000087311e+01,-8.96195914527670306e-02,-7.53371836422563654e-06,-4.29195734310930943e-01,-7.28017039040952052e-01, 2.84319374628919652e+00, 5.39127617708421769e-01, 2.23622655748085070e-01,-1.32132639922435202e+00,-1.87671344137770556e-02, 9.33089005161214624e-01,-4.25222542823397789e-02, 2.10647976881533427e+00, 3.06317169497373129e-02,-6.46933694390497607e+01
 3.49242722794318283e-01, 3.67000000000116415e+01,-8.97246715702851305e-02,-9.21876087971330064e-06,-4.22907604572370588e-01,-7.40045565950023909e-01, 2.85136683724456619e+00, 5.31374814740864232e-01, 2.20614322541190372e-01,-1.30105647288067527e+00,-1.87979830202798202e-02, 9.30942516999579972e-01,-4.29228214171014158e-02, 2.10604610527802061e+00, 3.00257246922875191e-02,-6.48959097049826994e+01
 3.49187886878588205e-01, 3.67500000000000000e+01,-8.98299804035083693e-02,-7.83012753384318957e-06,-4.16671427130480443e-01,-7.52097748606458949e-01, 2.85902093446307326e+00, 5.23635728589236127e-01, 2.17613328759956537e-01,-1.28080955850609901e+00,-1.88288919023246841e-02, 9.28785301879366254e-01,-4.33237550742618660e-02, 2.10560159914116163e+00, 2.94264130518839921e-02,-6.50988457172948216e+01
 3.49131726614021698e-01, 3.68000000000029104e+01,-8.99355018868401163e-02,-2.94451055577269034e-06,-4.10488759311756490e-01,-7.64171779588803557e-01, 2.86613541790749515e+00, 5.15911812054138053e-01, 2.14619900026851912e-01,-1.26059809156725811e+00,-1.88598563538058019e-02, 9.26617681773332702e-01,-4.37249892733289694e-02, 2.10514633515593896e+00, 2.88337914575969266e-02,-6.53021465774776146e+01
 3.49074252684125175e-01, 3.68500000000058208e+01,-9.00412190709551918e-02, 6.80639876488628607e-06,-4.04361122208495072e-01,-7.76265749010292661e-01, 2.87268957091113819e+00, 5.08204551594703902e-01, 2.11634283341339796e-01,-1.24043436210509173e+00,-1.88908714068078097e-02, 9.24440001895873720e-01,-4.41264545843701173e-02, 2.10468039833880249e+00, 2.82478712986659365e-02,-6.55057796680805353e+01
 3.49015475822725185e-01, 3.69000000000087311e+01,-9.01471142071737230e-02, 2.15199607049561617e-05,-3.98290013432408940e-01,-7.88377654349444512e-01, 2.87866263719152826e+00, 5.00515462505036535e-01, 2.08656744947984057e-01,-1.22033059039497127e+00,-1.89219318567041619e-02, 9.22252629188823558e-01,-4.45280784759446505e-02, 2.10420387409662135e+00, 2.76686654907318183e-02,-6.57097108174969406e+01
 3.48955406879484398e-01, 3.69500000000116415e+01,-9.02531683495118725e-02, 2.98124546127109526e-05,-3.92276712089484891e-01,-8.00505348186234422e-01, 2.88403385502595766e+00, 4.92846096219066776e-01, 2.05687580016610583e-01,-1.20029744877417621e+00,-1.89530321445654411e-02, 9.20055960862296907e-01,-4.49297837698983404e-02, 2.10371684875910780e+00, 2.70961882665634486e-02,-6.59139035279018799e+01
 3.48894056670895181e-01, 3.70000000000000000e+01,-9.03593622599166840e-02, 3.19467505835277808e-05,-3.86322714198054529e-01,-8.12646656547305613e-01, 2.88878256381709875e+00, 4.85198022121162476e-01, 2.02727090466069931e-01,-1.18034741421034495e+00,-1.89841666246590261e-02, 9.17850405755167742e-01,-4.53314921893054959e-02, 2.10321940837197285e+00, 2.65304553213824533e-02,-6.61183207315532968e+01
 3.48831436090174030e-01, 3.70500000000029104e+01,-9.04656757512808524e-02, 2.32179848400935653e-05,-3.80429414253417975e-01,-8.24799292931083450e-01, 2.89288822511452626e+00, 4.77572839417257367e-01, 1.99775601009240938e-01,-1.16049231668897201e+00,-1.90153293703217638e-02, 9.15636398199563106e-01,-4.57331218010598103e-02, 2.10271163958907970e+00, 2.59714834942586861e-02,-6.63229235162257851e+01
 3.48767556245644650e-01, 3.71000000000058208e+01,-9.05720879444509436e-02, 1.79976381894974241e-05,-3.74598119243275129e-01,-8.36960888467271569e-01, 2.89633049765727346e+00, 4.69972162559589568e-01, 1.96833452685222537e-01,-1.14074222642819190e+00,-1.90465142509213398e-02, 9.13414392775172446e-01,-4.61345880849849468e-02, 2.10219363079591393e+00, 2.54192896458994635e-02,-6.65276716305096159e+01
 3.48702428141013265e-01, 3.71500000000087311e+01,-9.06785770887447440e-02, 1.14551577815251088e-05,-3.68830168826059679e-01,-8.49128974750499976e-01, 2.89908929544454441e+00, 4.62397641695913464e-01, 1.93901007528461317e-01,-1.12110876599433773e+00,-1.90777148768640561e-02, 9.11184868402559411e-01,-4.65358031393856217e-02, 2.10166546951826927e+00, 2.48738926531349609e-02,-6.67325231227527240e+01
 3.48636062892771992e-01, 3.72000000000116415e+01,-9.07851206840502301e-02, 5.57893506423423023e-06,-3.63126851223078917e-01,-8.61300995386296897e-01, 2.90114486113243153e+00, 4.54850947656808502e-01, 1.90978645355187965e-01,-1.10160285630667221e+00,-1.91089246370085598e-02, 9.08948325863824347e-01,-4.69366762403821691e-02, 2.10112724418630314e+00, 2.43353118729678249e-02,-6.69374345867050522e+01
 3.48568471352771025e-01, 3.72500000000000000e+01,-9.08916962271039131e-02,-8.44296976633195402e-07,-3.57489418136951065e-01,-8.73474392108711584e-01, 2.90247784296340461e+00, 4.47333728028134703e-01, 1.88066745400901209e-01,-1.08223528650010170e+00,-1.91401369177650639e-02, 9.06705272193036982e-01,-4.73371166861054696e-02, 2.10057904107465898e+00, 2.38035641804707279e-02,-6.71423626000410678e+01
 3.48499664646293839e-01, 3.73000000000029104e+01,-9.09982799315032370e-02,-5.86978268364903399e-06,-3.51919087756224214e-01,-8.85646457789182828e-01, 2.90306933873341411e+00, 4.39847683990077287e-01, 1.85165717922325834e-01,-1.06301664619636083e+00,-1.91713447266977921e-02, 9.04456247767796540e-01,-4.77370289134476031e-02, 2.10002094866736355e+00, 2.32786692630518252e-02,-6.73472612530759278e+01
 3.48429653917088522e-01, 3.73500000000058208e+01,-9.11048473342968151e-02,-7.39890217551190135e-06,-3.46417040998524217e-01,-8.97814405959812545e-01, 2.90290098624855819e+00, 4.32394532956297706e-01, 1.82275989198724647e-01,-1.04395735373667664e+00,-1.92025408709047170e-02, 9.02201813699028854e-01,-4.81363148304939717e-02, 2.09945305559131112e+00, 2.27606469630799689e-02,-6.75520833199393564e+01
 3.48358450114828300e-01, 3.74000000000087311e+01,-9.12113739504528676e-02,-7.80357585076358282e-06,-3.40984393293496502e-01,-9.09975446308743607e-01, 2.90195503006723321e+00, 4.24975967797053711e-01, 1.79397985452442038e-01,-1.02506743393701583e+00,-1.92337181498259853e-02, 8.99942537948260846e-01,-4.85348763450960674e-02, 2.09887544889319155e+00, 2.22495143842628626e-02,-6.77567815244826761e+01
 3.48286064272083196e-01, 3.74500000000116415e+01,-9.13178344259456820e-02,-8.01541449386274912e-06,-3.35622225453408196e-01,-9.22126686803623308e-01, 2.90021439099032330e+00, 4.17593708682611753e-01, 1.76532153732579189e-01,-1.00635678739866297e+00,-1.92648691057555055e-02, 8.97679013389141134e-01,-4.89326121169383899e-02, 2.09828821628704532e+00, 2.17452895641946121e-02,-6.79613069022323799e+01
 3.48212507500236412e-01, 3.75000000000000000e+01,-9.14242025506134814e-02,-7.60425668233788099e-06,-3.30331581738083080e-01,-9.34265135077235853e-01, 2.89766275129111506e+00, 4.10249501583467013e-01, 1.73678961578718899e-01,-9.87835183651459836e-01,-1.92959860276319048e-02, 8.95411857676928102e-01,-4.93294176208989785e-02, 2.09769144612237435e+00, 2.12479913032997993e-02,-6.81656088252802022e+01
 3.48137790925602097e-01, 3.75500000000029104e+01,-9.15304520590201481e-02,-6.43601505933882205e-06,-3.25113424368313197e-01,-9.46387791651210453e-01, 2.89428461316122032e+00, 4.02945068076786428e-01, 1.70838877316605270e-01,-9.69511637602021636e-01,-1.93270611880756171e-02, 8.93141696039708499e-01,-4.97251882970647374e-02, 2.09708522686703525e+00, 2.07576355746424933e-02,-6.83696365585787618e+01
 3.48061925697248475e-01, 3.76000000000058208e+01,-9.16365561908629722e-02,-4.34357850036223337e-06,-3.19968655903434263e-01,-9.58491598548249280e-01, 2.89006537508134587e+00, 3.95682132542706622e-01, 1.68012380951330365e-01,-9.51394787186163216e-01,-1.93580867131298573e-02, 8.90869170722757953e-01,-5.01198178299851610e-02, 2.09646964717177031e+00, 2.02742375048706180e-02,-6.85733384047101708e+01
 3.47984922933448182e-01, 3.76500000000087311e+01,-9.17424872033351657e-02,-2.09423104312319655e-06,-3.14898148672283551e-01,-9.70573381998182216e-01, 2.88499143263971014e+00, 3.88462452044019135e-01, 1.65199976193505876e-01,-9.33493428272340164e-01,-1.93890544374152630e-02, 8.88594951648037590e-01,-5.05131962238617518e-02, 2.09584479543671831e+00, 1.97978134770151783e-02,-6.87766607528863290e+01
 3.47906793830840166e-01, 3.77000000000116415e+01,-9.18482173736057395e-02,-3.31214588123837970e-08,-3.09902696132293709e-01,-9.82629970231566285e-01, 2.87905021358492075e+00, 3.81287754256930178e-01, 1.62402165786110886e-01,-9.15815534803843923e-01,-1.94199562019026217e-02, 8.86319714597351593e-01,-5.09052137969758303e-02, 2.09521076069822243e+00, 1.93283767619433534e-02,-6.89795500340117229e+01
 3.47827549655552071e-01, 3.77500000000000000e+01,-9.19537189194711696e-02, 1.61406809327039591e-06,-3.04983019355776930e-01,-9.94658184219063823e-01, 2.87223023816787704e+00, 3.74159742615621294e-01, 1.59619453545684742e-01,-8.98368366699414445e-01,-1.94507838303448130e-02, 8.84044142797894228e-01,-5.12957608749064556e-02, 2.09456763255797362e+00, 1.88659379686913486e-02,-6.91819525659446839e+01
 3.47747201616926127e-01, 3.78000000000029104e+01,-9.20589628278159072e-02, 2.21921655332936419e-06,-3.00139789743562424e-01,-1.00665469931685214e+00, 2.86452126891627135e+00, 3.67080166223681337e-01, 1.56852373196547462e-01,-8.81159379709099300e-01,-1.94815287812986522e-02, 8.81768952565405550e-01,-5.16847231529906151e-02, 2.09391550015926153e+00, 1.84105097660069023e-02,-6.93838122688044621e+01
 3.47665760912341859e-01, 3.78500000000058208e+01,-9.21639205807051609e-02, 1.85071783705511742e-06,-2.95373614567877474e-01,-1.01861624865218636e+00, 2.85591426818716387e+00, 3.60050717568385470e-01, 1.54101446036334799e-01,-8.64195256220942620e-01,-1.95121826600311681e-02, 8.79494855453627378e-01,-5.20719885126945184e-02, 2.09325445255160414e+00, 1.79621001280100973e-02,-6.95850740259539577e+01
 3.47583238601801403e-01, 3.79000000000087311e+01,-9.22685648555699733e-02, 2.06487362705769614e-06,-2.90685054096251727e-01,-1.03053970545786266e+00, 2.84640136224944262e+00, 3.53072993284728132e-01, 1.51367163997802451e-01,-8.47481893977840461e-01,-1.95427374253664965e-02, 8.77222542545432082e-01,-5.24574497372565854e-02, 2.09258457767357076e+00, 1.75207100702819904e-02,-6.97856850420781569e+01
 3.47499646027268128e-01, 3.79500000000116415e+01,-9.23728652274216355e-02, 1.91728711395575555e-06,-2.86074559530535732e-01,-1.04242157732217766e+00, 2.83597629323197431e+00, 3.46148740981875147e-01, 1.48650094753319723e-01,-8.31025353588224158e-01,-1.95731841180862148e-02, 8.74952778869395598e-01,-5.28409877614255674e-02, 2.09190596575766152e+00, 1.70863491823227027e-02,-6.99855864943423853e+01
 3.47414994462358129e-01, 3.80000000000000000e+01,-9.24767917595443190e-02, 1.28946706727825325e-06,-2.81542520912277217e-01,-1.05425842853479490e+00, 2.82463419926743198e+00, 3.39279652130758780e-01, 1.45950793890271491e-01,-8.14831057082689658e-01,-1.96035139233235005e-02, 8.72686324555462467e-01,-5.32224856919694747e-02, 2.09121870648791086e+00, 1.66590225220200269e-02,-7.01847205076698231e+01
 3.47329295203790189e-01, 3.80500000000029104e+01,-9.25803140652806111e-02, 1.95394913102311355e-08,-2.77089251828607663e-01,-1.06604676965688716e+00, 2.81237175922525484e+00, 3.32467415879011574e-01, 1.43269827902440777e-01,-7.98903988452022817e-01,-1.96337178929715146e-02, 8.70423955327636723e-01,-5.36018251583918748e-02, 2.09052288974313649e+00, 1.62387340332953087e-02,-7.03830283321801602e+01
 3.47242559238310378e-01, 3.81000000000058208e+01,-9.26834044468438228e-02,-1.17160526688885729e-06,-2.72715036479400874e-01,-1.07778342617709288e+00, 2.79918683991995332e+00, 3.25713542050537541e-01, 1.40607697849257834e-01,-7.83248321468039244e-01,-1.96637878742243755e-02, 8.68166392627727990e-01,-5.39788985301287369e-02, 2.08981860289327148e+00, 1.58254759536959159e-02,-7.05804564396379988e+01
 3.47154797401950987e-01, 3.81500000000087311e+01,-9.27860363942304284e-02,-1.11588103981178952e-06,-2.68420103828238943e-01,-1.08946536244029213e+00, 2.78507862684299257e+00, 3.19019447343126039e-01, 1.37964876217044813e-01,-7.67867578453827471e-01,-1.96937160655177301e-02, 8.65914336183361111e-01,-5.43536030644375598e-02, 2.08910593209260620e+00, 1.54192343294026236e-02,-7.07769536079267994e+01
 3.47066021156109739e-01, 3.82000000000116415e+01,-9.28881772747686962e-02,-3.59882388525035487e-07,-2.64204510861221709e-01,-1.10108882267209740e+00, 2.77004873292384701e+00, 3.12386865897865962e-01, 1.35341984659428982e-01,-7.52765478658504295e-01,-1.97234928539197427e-02, 8.63668626801914474e-01,-5.47258125016829577e-02, 2.08838496858306177e+00, 1.50200134308286042e-02,-7.09724567221770712e+01
 3.46976241685874931e-01, 3.82500000000000000e+01,-9.29897968271177211e-02, 1.34026426565737695e-06,-2.60068273729393507e-01,-1.11265032864918867e+00, 2.75410014575011131e+00, 3.05817370403984212e-01, 1.32739587289733757e-01,-7.37944944753011423e-01,-1.97531093278682963e-02, 8.61430057552972750e-01,-5.50954101114302514e-02, 2.08765580137352158e+00, 1.46278070141878103e-02,-7.11669072724474177e+01
 3.46885470178690036e-01, 3.83000000000029104e+01,-9.30908645353644149e-02, 4.24536770329344725e-06,-2.56011324403481066e-01,-1.12414637125483519e+00, 2.73723760507161140e+00, 2.99312520242857649e-01, 1.30158254667123857e-01,-7.23408399455966800e-01,-1.97825565003649506e-02, 8.59199431869405172e-01,-5.54622784854332043e-02, 2.08691851950333129e+00, 1.42426072814625729e-02,-7.13602462535100130e+01
 3.46793717465551599e-01, 3.83500000000058208e+01,-9.31913554052188620e-02, 7.06551702751667187e-06,-2.52033846903605752e-01,-1.13557408836344265e+00, 2.71946658140929687e+00, 2.92873542643417639e-01, 1.27598423641185538e-01,-7.09158627559265620e-01,-1.98118270191476806e-02, 8.56977433428937174e-01,-5.58263220337743629e-02, 2.08617320912845594e+00, 1.38643868313839541e-02,-7.15524253931971970e+01
 3.46700994478178204e-01, 3.84000000000087311e+01,-9.32912426056122374e-02, 8.94671127991798400e-06,-2.48135849453815172e-01,-1.14693040160791560e+00, 2.70079445709816746e+00, 2.86501741576486058e-01, 1.25060576430886444e-01,-6.95197660487959834e-01,-1.98409129880726467e-02, 8.54764790539773389e-01,-5.61874383045079251e-02, 2.08541995723518792e+00, 1.34931223461267607e-02,-7.17433928484192478e+01
 3.46607312438978410e-01, 3.84500000000116415e+01,-9.33904944122692232e-02, 1.03075792872484612e-05,-2.44316980062321304e-01,-1.15821165735463749e+00, 2.68123127259441718e+00, 2.80198664597037628e-01, 1.22545314528584776e-01,-6.81526310130923907e-01,-1.98698050621945663e-02, 8.52562345434730640e-01,-5.65455061191840538e-02, 2.08465885318468347e+00, 1.31288037494474291e-02,-7.19330872638050351e+01
 3.46512682384611803e-01, 3.85000000000000000e+01,-9.34890818748537467e-02, 1.07586977502848128e-05,-2.40576973527589305e-01,-1.16941452651622346e+00, 2.66078834621993821e+00, 2.73965679657891592e-01, 1.20053172634219663e-01,-6.68145315709949283e-01,-1.98984947177963147e-02, 8.50370881616941854e-01,-5.69004154299349377e-02, 2.08388998484348509e+00, 1.27714102344117127e-02,-7.21214526758563466e+01
 3.46417115336960402e-01, 3.85500000000029104e+01,-9.35869760640617165e-02, 9.84792704826546187e-06,-2.36915489208688240e-01,-1.18053568150458243e+00, 2.63947877177331502e+00, 2.67804127585889062e-01, 1.17584685576995335e-01,-6.55054922519275995e-01,-1.99269734373306653e-02, 8.48191185448023299e-01,-5.72520566013321672e-02, 2.08311343997299714e+00, 1.24209190203303128e-02,-7.23084331615842899e+01
 3.46320621848567767e-01, 3.86000000000058208e+01,-9.36841560428856440e-02, 8.69428750614392966e-06,-2.33332256087565248e-01,-1.19157272719384411e+00, 2.61731553782983362e+00, 2.61714889450802790e-01, 1.15140195968846462e-01,-6.42255512385373928e-01,-1.99552350697172406e-02, 8.46023864747614374e-01,-5.76003513819785054e-02, 2.08232930253612869e+00, 1.20772816930666133e-02,-7.24939883353248860e+01
 3.46223212798142443e-01, 3.86500000000087311e+01,-9.37805949194043947e-02, 7.13719599661030197e-06,-2.29826815113050670e-01,-1.20252257234138482e+00, 2.59431457169000534e+00, 2.55699147502871316e-01, 1.12720191364416342e-01,-6.29746478351575045e-01,-1.99832717005667716e-02, 8.43869664462621127e-01,-5.79451986726672655e-02, 2.08153765916178335e+00, 1.17404665005977071e-02,-7.26780662341958958e+01
 3.46124899136133479e-01, 3.87000000000116415e+01,-9.38762643074950304e-02, 4.64295236110588477e-06,-2.26398599340886852e-01,-1.21338195028397688e+00, 2.57049390677555145e+00, 2.49758140462738726e-01, 1.10325196225725938e-01,-6.17526578332503129e-01,-2.00110749730031713e-02, 8.41729366008476032e-01,-5.82864919007307428e-02, 2.08073859707870357e+00, 1.14104445377740133e-02,-7.28606119901142364e+01
 3.46025691667449786e-01, 3.87500000000000000e+01,-9.39711381361528486e-02, 1.08664904963615229e-06,-2.23047002606736405e-01,-1.22414786387463592e+00, 2.54587273692764793e+00, 2.43892957426797230e-01, 1.07955680087086239e-01,-6.05594232828526424e-01,-2.00386372156058541e-02, 8.39603700314587309e-01,-5.86241338138310739e-02, 2.07993220235022758e+00, 1.10871785767728149e-02,-7.30415752354379748e+01
 3.45925601165591734e-01, 3.88000000000029104e+01,-9.40651906468543547e-02,-3.65770176746224821e-06,-2.19771341292744393e-01,-1.23481735163266659e+00, 2.52047185115093120e+00, 2.38104647318430535e-01, 1.05612105982384713e-01,-5.93947358364981248e-01,-2.00659508494286758e-02, 8.37493392998085118e-01,-5.89580286952423524e-02, 2.07911856080230661e+00, 1.07706291795966642e-02,-7.32209062096773806e+01
 3.45824637739453156e-01, 3.88500000000058208e+01,-9.41584051292440050e-02,-7.59861327405413054e-06,-2.16571351596672484e-01,-1.24538850173737536e+00, 2.49431106239664224e+00, 2.32393754745705311e-01, 1.03294720471108242e-01,-5.82586233572080503e-01,-2.00930109738748572e-02, 8.35398963792965077e-01,-5.92881161659957259e-02, 2.07829775287611662e+00, 1.04607306516222836e-02,-7.33985727373702019e+01
 3.45722812145502656e-01, 3.89000000000087311e+01,-9.42507558211834323e-02,-1.10063192624021015e-05,-2.13446160974723909e-01,-1.25585835127831591e+00, 2.46741417924011097e+00, 2.26761286352740538e-01, 1.01003989305522665e-01,-5.71507551418001247e-01,-2.01198100088823620e-02, 8.33321140349615908e-01,-5.96143010907319928e-02, 2.07746986429548341e+00, 1.01574417975405021e-02,-7.35745250507001316e+01
 3.45620134965223258e-01, 3.89500000000116415e+01,-9.43422192544855071e-02,-1.36711477180317357e-05,-2.10394928894355876e-01,-1.26622420305890881e+00, 2.43980592877586266e+00, 2.21208104860271149e-01, 9.87403242527786912e-02,-5.60708135641511118e-01,-2.01463410534076411e-02, 8.31260598814997809e-01,-5.99364975288822974e-02, 2.07663497938113872e+00, 9.86071404330876242e-03,-7.37487178400291015e+01
 3.45516616668488319e-01, 3.90000000000000000e+01,-9.44327733810972486e-02,-1.51125390377110094e-05,-2.07416797396553665e-01,-1.27648352422870781e+00, 2.41151209750153406e+00, 2.15734976955842317e-01, 9.65041042717490472e-02,-5.50184650593818936e-01,-2.01725976267652166e-02, 8.29217983357986799e-01,-6.02546253356000885e-02, 2.07579318156613413e+00, 9.57049412342639988e-03,-7.39211085556309371e+01
 3.45412267664675754e-01, 3.90500000000029104e+01,-9.45223968831929579e-02,-1.48391790130621317e-05,-2.04510854896719357e-01,-1.28663386612344022e+00, 2.38255966428567012e+00, 2.10342610916401246e-01, 9.42956921831464012e-02,-5.39933413131624906e-01,-2.01985734644137098e-02, 8.27193921672609189e-01,-6.05686074836180033e-02, 2.07494455381176968e+00, 9.28672614883436186e-03,-7.40916560668997022e+01
 3.45307097622241876e-01, 3.91000000000058208e+01,-9.46110796191284714e-02,-1.58143858603593382e-05,-2.01676985342670395e-01,-1.29667406988933887e+00, 2.35297311800721598e+00, 2.05031112803484489e-01, 9.21151846719006351e-02,-5.29956595526207996e-01,-2.02242656105191682e-02, 8.25188783152938199e-01,-6.08784103907724569e-02, 2.07408917307362506e+00, 9.00932454994550144e-03,-7.42603409669493146e+01
 3.45201117080458475e-01, 3.91500000000087311e+01,-9.46987978840032885e-02,-1.62632637831971455e-05,-1.98913865034076820e-01,-1.30660141126332219e+00, 2.32278266051322690e+00, 1.99801280344351739e-01, 8.99630050295545380e-02,-5.20247544356254199e-01,-2.02496670937544997e-02, 8.23203249715058982e-01,-6.11839483252599667e-02, 2.07322712340996684e+00, 8.73823923020816858e-03,-7.44271174846864483e+01
 3.45094336180839012e-01, 3.92000000000116415e+01,-9.47855338808331616e-02,-1.61150060566009511e-05,-1.96220534452906992e-01,-1.31641384781057535e+00, 2.29201774918555623e+00, 1.94653584714566757e-01, 8.78394365484652662e-02,-5.10802320039213220e-01,-2.02747726918133080e-02, 8.21237866495349578e-01,-6.14851586512538267e-02, 2.07235848566547798e+00, 8.47340426085429164e-03,-7.45919513324254382e+01
 3.44986765006660812e-01, 3.92500000000000000e+01,-9.48712705098317954e-02,-1.52796388868738492e-05,-1.93595977598489927e-01,-1.32610941756754941e+00, 2.26070871906552773e+00, 1.89588444235144510e-01, 8.57447474815752897e-02,-5.01616605780992431e-01,-2.02995773887582991e-02, 8.19293161732159381e-01,-6.17819816775163136e-02, 2.07148334023266933e+00, 8.21475180447387918e-03,-7.47548095774218240e+01
 3.44878413584024546e-01, 3.93000000000029104e+01,-9.49559913503197628e-02,-1.36418251907789981e-05,-1.91039120013635877e-01,-1.33568623697712474e+00, 2.22888671925446280e+00, 1.84606226100788473e-01, 8.36791915175518208e-02,-4.92685693489093912e-01,-2.03240763696654440e-02, 8.17369646971420116e-01,-6.20743605785363251e-02, 2.07060176706084142e+00, 7.96221227773035237e-03,-7.49156606067081583e+01
 3.44769291883226914e-01, 3.93500000000058208e+01,-9.50396806423841195e-02,-1.10546204891948126e-05,-1.88548826819819548e-01,-1.34514249879541370e+00, 2.19658364899767022e+00, 1.79707248112774720e-01, 8.16430082569555293e-02,-4.84004469833593465e-01,-2.03482650151960744e-02, 8.15467817292698460e-01,-6.23622413147170360e-02, 2.06971384566757033e+00, 7.71571450991934919e-03,-7.50744740914564090e+01
 3.44659409819820794e-01, 3.94000000000087311e+01,-9.51223232687879033e-02,-7.33318350056520837e-06,-1.86123900745755244e-01,-1.35447647002658034e+00, 2.16383209350780881e+00, 1.74891780385759976e-01, 7.96364236774496498e-02,-4.75567402405484563e-01,-2.03721388962412528e-02, 8.13588151544028859e-01,-6.26455725533647811e-02, 2.06881965514765209e+00, 7.47518589593105902e-03,-7.52312209518148762e+01
 3.44548776969173909e-01, 3.94500000000116415e+01,-9.52039101756171346e-02,-3.36226123044880099e-06,-1.83763676109824248e-01,-1.36368711585955515e+00, 2.13066296297811553e+00, 1.70159769996548527e-01, 7.76595211213067099e-02,-4.67372871602786844e-01,-2.03956953791041250e-02, 8.11730985533911431e-01,-6.29243265305268751e-02, 2.06791927185023727e+00, 7.24053926273736555e-03,-7.53858838959275488e+01
 3.44437402612250421e-01, 3.95000000000000000e+01,-9.52844375079574535e-02,-9.24115253052020454e-07,-1.81467936842347827e-01,-1.37277400016134266e+00, 2.09710550603427848e+00, 1.65510888900591402e-01, 7.57122622886721164e-02,-4.59422509013997671e-01,-2.04189333695530897e-02, 8.09896531268066822e-01,-6.31984956563335781e-02, 2.06701276975068193e+00, 7.01167562527984720e-03,-7.55384557394841920e+01
 3.44325296754449339e-01, 3.95500000000029104e+01,-9.53638872824501410e-02, 1.26694629265856546e-06,-1.79234791163842277e-01,-1.38173506092002540e+00, 2.06319557152132749e+00, 1.60945517394106119e-01, 7.37949471224730869e-02,-4.51705738741941087e-01,-2.04418475895176213e-02, 8.08085328835222327e-01,-6.34680181228656770e-02, 2.06610022874363253e+00, 6.78853114288449199e-03,-7.56889018286728827e+01
 3.44212468961950402e-01, 3.96000000000058208e+01,-9.54422494723622394e-02, 3.04667168690874732e-06,-1.77063088011217701e-01,-1.39056915227763778e+00, 2.02896629066513690e+00, 1.56463618991745351e-01, 7.19076879641870614e-02,-4.44217416427449774e-01,-2.04644351169965787e-02, 8.06297730566790549e-01,-6.37328629451568013e-02, 2.06518172517276799e+00, 6.57102312093441141e-03,-7.58372029787409048e+01
 3.44098928734769882e-01, 3.96500000000087311e+01,-9.55195149317373815e-02, 4.25027554395326665e-06,-1.74951645905070313e-01,-1.39927523009941890e+00, 1.99445090577592077e+00, 1.52065102626890686e-01, 7.00505781401738331e-02,-4.36952185970818252e-01,-2.04866932907346033e-02, 8.04534065969883971e-01,-6.39930026887237796e-02, 2.06425733486697238e+00, 6.35906755135453271e-03,-7.59833417168935341e+01
 3.43984685507255195e-01, 3.97000000000116415e+01,-9.55956753908997203e-02, 4.71578409332122753e-06,-1.72899253274285486e-01,-1.40785235147097954e+00, 1.95968268911883592e+00, 1.47749823802607511e-01, 6.82236921002899038e-02,-4.29904478824420622e-01,-2.05086197088927523e-02, 8.02794641694498989e-01,-6.42484134393652290e-02, 2.06332713314454574e+00, 6.15257923240069594e-03,-7.61273022735660163e+01
 3.43869748648579832e-01, 3.97500000000000000e+01,-9.56707234519599686e-02, 4.28740648248637249e-06,-1.70904668810709648e-01,-1.41629967419540614e+00, 1.92469486291113068e+00, 1.43517585736728154e-01, 6.64270855537206217e-02,-4.23068513430578386e-01,-2.05302122277197241e-02, 8.01079741513002874e-01,-6.44990747729114050e-02, 2.06239119481741096e+00, 5.95147188448173076e-03,-7.62690705736992527e+01
 3.43754127463071879e-01, 3.98000000000029104e+01,-9.57446525844303509e-02, 2.81893060813526427e-06,-1.68966621849928306e-01,-1.42461645630229716e+00, 1.88952052061924114e+00, 1.39368140494316173e-01, 6.46607955996463951e-02,-4.16438294791186825e-01,-2.05514689602543134e-02, 7.99389626309094603e-01,-6.47449697253061895e-02, 2.06144959419395146e+00, 5.75565826173570546e-03,-7.64086342282207482e+01
 3.43637830520006238e-01, 3.98500000000058208e+01,-9.58174643158525158e-02, 1.57473914916391947e-06,-1.67084898537012611e-01,-1.43280288107598675e+00, 1.85418891842095568e+00, 1.35300835139399667e-01, 6.29246709487422673e-02,-4.10016580187747837e-01,-2.05723904039761402e-02, 7.97724364532241936e-01,-6.49861122418424753e-02, 2.06050239962031334e+00, 5.56503376248704360e-03,-7.65459965033931979e+01
 3.43520866942477132e-01, 3.99000000000087311e+01,-9.58891544073208896e-02, 5.54137467232041798e-07,-1.65258271233206300e-01,-1.44085847086209995e+00, 1.81873215531560306e+00, 1.31315297094533601e-01, 6.12186986807551625e-02,-4.03797692379423923e-01,-2.05929753502503178e-02, 7.96084157328117992e-01,-6.52224943172984295e-02, 2.05954968397680815e+00, 5.37950863861235209e-03,-7.66811494637777713e+01
 3.43403245911946320e-01, 3.99500000000116415e+01,-9.59597181685830636e-02,-4.77454626842414741e-07,-1.63485286998757945e-01,-1.44878269696642237e+00, 1.78318264266518245e+00, 1.27411170399360674e-01, 5.95428784677054165e-02,-3.97774112200213581e-01,-2.06132224570279646e-02, 7.94469213790786832e-01,-6.54541063316642080e-02, 2.05859152064421469e+00, 5.19899546432618046e-03,-7.68140842979898082e+01
 3.43284976319835844e-01, 4.00000000000000000e+01,-9.60291541952216776e-02,-1.25714115372291858e-06,-1.61764835734360957e-01,-1.45657540843968225e+00, 1.74757109860369964e+00, 1.23587932729317493e-01, 5.78971343992757057e-02,-3.91941148372340509e-01,-2.06331313546479732e-02, 7.92879662714271904e-01,-6.56809512998790535e-02, 2.05762798066577757e+00, 5.02340074070606844e-03,-7.69447985789744706e+01
 3.43166066974654793e-01, 4.00500000000029104e+01,-9.60974621463767248e-02,-1.45112519321978682e-06,-1.60095818132447221e-01,-1.46423657710841537e+00, 1.71192756761859832e+00, 1.19845006280994523e-01, 5.62813675181434159e-02,-3.86294178798840149e-01,-2.06527019882823092e-02, 7.91315604826670294e-01,-6.59030363644660805e-02, 2.05665913443411785e+00, 4.85263013167554474e-03,-7.70732919467516808e+01
 3.43046526601569923e-01, 4.01000000000058208e+01,-9.61646427519253916e-02,-6.48720192679020901e-07,-1.58477148690536418e-01,-1.47176629840841167e+00, 1.67628133943150304e+00, 1.16181758424699064e-01, 5.46954556788805668e-02,-3.80828666851569575e-01,-2.06719346200620532e-02, 7.89777112553962324e-01,-6.61203728078594705e-02, 2.05568505168775228e+00, 4.68658854222997034e-03,-7.71995661223748613e+01
 3.42926363841632720e-01, 4.01500000000087311e+01,-9.62306978198649160e-02, 1.64365595107339225e-06,-1.56907758777212913e-01,-1.47916479224067254e+00, 1.64066087012037420e+00, 1.12597502345273451e-01, 5.31392534013276352e-02,-3.75540177772466788e-01,-2.06908298312615153e-02, 7.88264229788238069e-01,-6.63329760654108730e-02, 2.05470580150479076e+00, 4.52518019272888945e-03,-7.73236249222709091e+01
 3.42805587257929645e-01, 4.02000000000116415e+01,-9.62956298625081419e-02, 5.65480875427775803e-06,-1.55386583139413142e-01,-1.48643235967070186e+00, 1.60509392395329642e+00, 1.09091516907691352e-01, 5.16126007698613776e-02,-3.70424232305636203e-01,-2.07093884115294481e-02, 7.86776980720354957e-01,-6.65408642786335658e-02, 2.05372145235305359e+00, 4.36830950108510387e-03,-7.74454735309744393e+01
 3.42684205463164804e-01, 4.02500000000000000e+01,-9.63594348571358561e-02, 4.61976371546105019e-06,-1.53912245792261621e-01,-1.49356854429507124e+00, 1.56961173151190669e+00, 1.05663411271513089e-01, 5.01154951133727308e-02,-3.65473221997238806e-01,-2.07276092137120144e-02, 7.85315541970217246e-01,-6.67440305743183804e-02, 2.05273207313003869e+00, 4.21589641886793362e-03,-7.75651044167078823e+01
 3.42562226777239354e-01, 4.03000000000029104e+01,-9.64221215653073421e-02, 2.71078156091931490e-06,-1.52483905410915777e-01,-1.50057437019992279e+00, 1.53423785513357669e+00, 1.02312151611523419e-01, 4.86476325496867923e-02,-3.60684681408801056e-01,-2.07454948785769124e-02, 7.83879783563339649e-01,-6.69425170369521150e-02, 2.05173773037195284e+00, 4.06783540633103274e-03,-7.76825349177516955e+01
 3.42439659520200668e-01, 4.03500000000058208e+01,-9.64836949572732833e-02,-3.38684814958360875e-07,-1.51100536743318969e-01,-1.50745042186248712e+00, 1.49899753385725076e+00, 9.90368995571977440e-02, 4.72088015394749178e-02,-3.56054219957090967e-01,-2.07630469231080347e-02, 7.82469662510874797e-01,-6.71363511945765323e-02, 2.05073849064123204e+00, 3.92403093807773377e-03,-7.77977749940476144e+01
 3.42316511927744149e-01, 4.04000000000087311e+01,-9.65441609515873128e-02,-4.84121775939116750e-06,-1.49761139497803036e-01,-1.51419739317430069e+00, 1.46391495819666084e+00, 9.58367732365509317e-02, 4.57987703375284452e-02,-3.51577559499912762e-01,-2.07802671449509174e-02, 7.81085110301721119e-01,-6.73255641672604599e-02, 2.04973441983783689e+00, 3.78438739569935366e-03,-7.79108364482552389e+01
 3.42192792150782521e-01, 4.04500000000116415e+01,-9.66035264128116550e-02,-1.11588599890197524e-05,-1.48464741173783304e-01,-1.52081608717312444e+00, 1.42901321906786083e+00, 9.27108482537418316e-02, 4.44172870610061721e-02,-3.47250546961665907e-01,-2.07971576217301536e-02, 7.79726032956215342e-01,-6.75101906453607764e-02, 2.04872558319567188e+00, 3.64880913077308185e-03,-7.80217329212707540e+01
 3.42068508255015447e-01, 4.05000000000000000e+01,-9.66617991492249029e-02,-1.97065466598445656e-05,-1.47210399929105729e-01,-1.52730741577483342e+00, 1.39431425983181501e+00, 8.96581586553997362e-02, 4.30640797570488662e-02,-3.43069167014008636e-01,-2.08137207103674358e-02, 7.78392311085971400e-01,-6.76902688680348918e-02, 2.04771204527899009e+00, 3.51720052399834889e-03,-7.81304798877493027e+01
 3.41943668220318853e-01, 4.05500000000029104e+01,-9.67189879106142292e-02,-3.09555434838547196e-05,-1.45997207480712238e-01,-1.53367239951446277e+00, 1.35983883140422646e+00, 8.66776978812892895e-02, 4.17388564679607166e-02,-3.39029554798328414e-01,-2.08299590464235788e-02, 7.77083799957528298e-01,-6.78658406022717570e-02, 2.04669386997731406e+00, 3.38946604032887245e-03,-7.82370946517849006e+01
 3.41818279866376695e-01, 4.06000000000058208e+01,-9.67750993191138636e-02,-4.25641393452039354e-05,-1.44824025210036705e-01,-1.53991181318243986e+00, 1.32560841912777860e+00, 8.37685684664279534e-02, 4.04413775858783325e-02,-3.35127778993987158e-01,-2.08458746339046826e-02, 7.75800402929328281e-01,-6.80369393833462344e-02, 2.04567111989870254e+00, 3.26551644369771962e-03,-7.83415903709226029e+01
 3.41692350861138638e-01, 4.06500000000087311e+01,-9.68301382426914881e-02,-4.97201439935838531e-05,-1.43689515059492595e-01,-1.54602622893009412e+00, 1.29164508244657772e+00, 8.09299625940379935e-02, 3.91714468454915574e-02,-3.31359882901520242e-01,-2.08614689560194036e-02, 7.74542062776139795e-01,-6.82035919626564902e-02, 2.04464385643832136e+00, 3.14526786803765715e-03,-7.84439767833485888e+01
 3.41565888945175533e-01, 4.07000000000116415e+01,-9.68841170926185297e-02,-5.38607544743596316e-05,-1.42592953343810724e-01,-1.55201708973823238e+00, 1.25796540379518773e+00, 7.81607126693065202e-02, 3.79286922664933274e-02,-3.27722593741418544e-01,-2.08767457324411411e-02, 7.73308539200313505e-01,-6.83658538720137293e-02, 2.04361214160849336e+00, 3.02862325744133760e-03,-7.85442783110295721e+01
 3.41438901684609053e-01, 4.07500000000000000e+01,-9.69370456169047351e-02,-5.31198100652206559e-05,-1.41533346723209663e-01,-1.55788553098098159e+00, 1.22458698351393669e+00, 7.54597875338521018e-02, 3.67128067772306069e-02,-3.24212571136637318e-01,-2.08917078924398085e-02, 7.72099652976036555e-01,-6.85237703408306809e-02, 2.04257603602323234e+00, 2.91549295444410448e-03,-7.86425141864422699e+01
 3.41311396545361745e-01, 4.08000000000029104e+01,-9.69889339954587010e-02,-4.52282965452452499e-05,-1.40509702998264485e-01,-1.56363273777715506e+00, 1.19152646281721863e+00, 7.28261423169570821e-02, 3.55234751930376819e-02,-3.20826651996162504e-01,-2.09063584927809999e-02, 7.70915212017125095e-01,-6.86773881429490612e-02, 2.04153559950363706e+00, 2.80578843600389751e-03,-7.87387044791518065e+01
 3.41183380891995625e-01, 4.08500000000058208e+01,-9.70397927997967424e-02,-2.74806011520831514e-05,-1.39521030075133057e-01,-1.56925994033023386e+00, 1.15879953751277442e+00, 7.02587207783916812e-02, 3.43603751417431227e-02,-3.17561860538838614e-01,-2.09207007057758687e-02, 7.69755012404039651e-01,-6.88267554367373163e-02, 2.04049089106819581e+00, 2.69942239264575135e-03,-7.88328700173516381e+01
 3.41054862176484619e-01, 4.09000000000087311e+01,-9.70896322857285055e-02,-1.09041513726694998e-05,-1.38566543430884370e-01,-1.57476833310561393e+00, 1.12642143114788706e+00, 6.77564888855431979e-02, 3.32231934449036953e-02,-3.14412727267010084e-01,-2.09347376106990245e-02, 7.68618855334441520e-01,-6.89719191323618919e-02, 2.03944197047332132e+00, 2.59631018497152345e-03,-7.89250310183925308e+01
 3.40925847602616960e-01, 4.09500000000116415e+01,-9.71384635249530753e-02, 4.68387238154803437e-06,-1.37645301317189606e-01,-1.58015920397926868e+00, 1.09440612972305717e+00, 6.53183818370655228e-02, 3.21115998609527928e-02,-3.11376017788385639e-01,-2.09484725272960047e-02, 7.67506520215615384e-01,-6.91129290830436449e-02, 2.03838889547446067e+00, 2.49636744582123647e-03,-7.90152092784662727e+01
 3.40796344334540646e-01, 4.10000000000000000e+01,-9.71862976290656100e-02, 1.50664639282018320e-05,-1.36756432301313818e-01,-1.58543384557048928e+00, 1.06276690002528573e+00, 6.29433409072260169e-02, 3.10252650615383228e-02,-3.08447779180977932e-01,-2.09619087869558837e-02, 7.66417783243937722e-01,-6.92498351967691939e-02, 2.03733172352773773e+00, 2.39951169074375647e-03,-7.91034266702117463e+01
 3.40666359583143563e-01, 4.10500000000029104e+01,-9.72331461746243908e-02, 1.71433265315889264e-05,-1.35899101452160442e-01,-1.59059360442772113e+00, 1.03151599293689955e+00, 6.06302934705322052e-02, 2.99638506132167103e-02,-3.05624304949531411e-01,-2.09750498592066979e-02, 7.65352407229795584e-01,-6.93826890807714425e-02, 2.03627051249521296e+00, 2.30566145767939533e-03,-7.91897059732358599e+01
 3.40535900971887517e-01, 4.11000000000058208e+01,-9.72790222678015931e-02, 1.88682451392001238e-05,-1.35072510122563022e-01,-1.59564000473832301e+00, 1.00066386901915227e+00, 5.83781029919035327e-02, 2.89269838790289814e-02,-3.02903762480970506e-01,-2.09878996694033843e-02, 7.64310115877194662e-01,-6.95115482088570075e-02, 2.03520532363240747e+00, 2.21473427904791704e-03,-7.92740729599323686e+01
 3.40404975572901392e-01, 4.11500000000087311e+01,-9.73239376391429600e-02, 1.38498869500696833e-05,-1.34275888836675600e-01,-1.60057441079165952e+00, 9.70221266736658872e-01, 5.61857073330997922e-02, 2.79143264818055466e-02,-3.00282058070517388e-01,-2.10004617320181768e-02, 7.63290664129481211e-01,-6.96364645375557867e-02, 2.03413621371872422e+00, 2.12665222589585338e-03,-7.93565507049948167e+01
 3.40273590671090698e-01, 4.12000000000116415e+01,-9.73679048507168771e-02, 1.11407607033961687e-06,-1.33508507171376856e-01,-1.60539828347570079e+00, 9.40197640704554694e-01, 5.40520139092606072e-02, 2.69255222146550406e-02,-2.97756051844198733e-01,-2.10127398092741953e-02, 7.62293784844045086e-01,-6.97574931622595013e-02, 2.03306324129580807e+00, 2.04133764626781731e-03,-7.94371639097551565e+01
 3.40141753146936676e-01, 4.12500000000000000e+01,-9.74109371037812921e-02,-1.53956748416057780e-05,-1.32769579990167058e-01,-1.61011315671082644e+00, 9.10601295304398373e-01, 5.19759098646519133e-02, 2.59602018324876088e-02,-2.95322992390173289e-01,-2.10247378505887886e-02, 7.61319193743804412e-01,-6.98746913636016098e-02, 2.03198646162735397e+00, 1.95871356292789305e-03,-7.95159385045918583e+01
 3.40009469713404400e-01, 4.13000000000029104e+01,-9.74530480161888285e-02,-2.89782494059057173e-05,-1.32058317092277638e-01,-1.61472061227158514e+00, 8.81439538119441979e-01, 4.99562726934536863e-02, 2.50179881416543182e-02,-2.92980411356205839e-01,-2.10364599279499118e-02, 7.60366594713973609e-01,-6.99881178393611803e-02, 2.03090592863278019e+00, 1.87870407426970511e-03,-7.95929012246354972e+01
 3.39876747482128261e-01, 4.13500000000058208e+01,-9.74942511005450763e-02,-3.56896326368443629e-05,-1.31374045615735846e-01,-1.61922222078445399e+00, 8.52719061488290353e-01, 4.79919942288480755e-02, 2.40985079061140535e-02,-2.90725837574011214e-01,-2.10479100844862717e-02, 7.59435692171586241e-01,-7.00978309207693356e-02, 2.02982169951214830e+00, 1.80123527036849299e-03,-7.96680786155377376e+01
 3.39743593296566948e-01, 4.14000000000087311e+01,-9.75345603635769248e-02,-2.73347506003143957e-05,-1.30716065537030773e-01,-1.62361960945335415e+00, 8.24445517597941602e-01, 4.60819535231632993e-02, 2.32013781269392524e-02,-2.88557184968244840e-01,-2.10590925083010000e-02, 7.58526177004127056e-01,-7.02038906106140503e-02, 2.02873382929956270e+00, 1.72623412965382294e-03,-7.97414981747974991e+01
 3.39610013466255412e-01, 4.14500000000116415e+01,-9.75739897381707466e-02,-1.23816281220191263e-05,-1.30083651199800671e-01,-1.62791439594546294e+00, 7.96623952525145507e-01, 4.42250435790857779e-02, 2.23262193950272726e-02,-2.86471636798939000e-01,-2.10700113625826198e-02, 7.57637740444573438e-01,-7.03063563346089798e-02, 2.02764236869065595e+00, 1.65362954358570379e-03,-7.98131872363336754e+01
 3.39476014234901702e-01, 4.15000000000000000e+01,-9.76125534750897778e-02, 3.97949525588712558e-06,-1.29476089953687951e-01,-1.63210823459329246e+00, 7.69258516902134315e-01, 4.24201529366223448e-02, 2.14726465111501202e-02,-2.84466730517028143e-01,-2.10806709044093349e-02, 7.56770064474085791e-01,-7.04052885882646279e-02, 2.02654736786578527e+00, 1.58335155198377638e-03,-7.98831737505093429e+01
 3.39341601862642450e-01, 4.15500000000029104e+01,-9.76502658494298598e-02, 1.57236814875258840e-05,-1.28892685786272804e-01,-1.63620278268223851e+00, 7.42352696277451152e-01, 4.06661792647081688e-02, 2.06402752715512915e-02,-2.82540042410097891e-01,-2.10910753982096744e-02, 7.55922828924287526e-01,-7.05007478526884918e-02, 2.02544887716212640e+00, 1.51533183642091947e-03,-7.99514857159470864e+01
 3.39206783322220373e-01, 4.16000000000058208e+01,-9.76871406897232841e-02, 2.22627981100100617e-05,-1.28332811882614084e-01,-1.64019964756888159e+00, 7.15909679744613170e-01, 3.89620502595072055e-02, 1.98287330865049086e-02,-2.80689231466637323e-01,-2.11012289801918024e-02, 7.55095722588376539e-01,-7.05927930592398917e-02, 2.02434695276426346e+00, 1.44950447505835453e-03,-8.00181502894229340e+01
 3.39071564874711462e-01, 4.16500000000087311e+01,-9.77231920601247528e-02, 1.07305551578982717e-05,-1.27795798393378096e-01,-1.64410046239123520e+00, 6.89931875938617378e-01, 3.73066935320063575e-02, 1.90376436768754757e-02,-2.78911637194270645e-01,-2.11111358523545199e-02, 7.54288427491126456e-01,-7.06814836714441258e-02, 2.02324164506436155e+00, 1.38580476615312578e-03,-8.00831950596695492e+01
 3.38935953031568260e-01, 4.17000000000116415e+01,-9.77584341444184407e-02,-8.85297481409620695e-06,-1.27281032049911397e-01,-1.64790687477068465e+00, 6.64420998359515069e-01, 3.56990411806637625e-02, 1.82666293195709768e-02,-2.77205127030673570e-01,-2.11208002536465121e-02, 7.53500621291837813e-01,-7.07668795830766473e-02, 2.02213300652442918e+00, 1.32416936101767478e-03,-8.01466478580183974e+01
 3.38799954430580363e-01, 4.17500000000000000e+01,-9.77928809277795602e-02,-2.52137928766496615e-05,-1.26787923894882720e-01,-1.65162050976483110e+00, 6.39378330501968239e-01, 3.41380443719793564e-02, 1.75153182802872918e-02,-2.75567527009393409e-01,-2.11302263649208039e-02, 7.52731985089889588e-01,-7.08490398726707715e-02, 2.02102109066327484e+00, 1.26453678297742283e-03,-8.02085361343668666e+01
 3.38663575626032110e-01, 4.18000000000029104e+01,-9.78265463394111245e-02,-2.91682523709956420e-05,-1.26315902662235552e-01,-1.65524298589765140e+00, 6.14804635579067726e-01, 3.26226669336042441e-02, 1.67833415473703750e-02,-2.73996660793385027e-01,-2.11394183500060555e-02, 7.51982200138437973e-01,-7.09280232701592767e-02, 2.01990595034120091e+00, 1.20684714904673984e-03,-8.02688872268368812e+01
 3.38526822033457464e-01, 4.18500000000058208e+01,-9.78594451143840610e-02,-2.77100789227159686e-05,-1.25864379264470777e-01,-1.65877601247851403e+00, 5.90699499989050358e-01, 3.11518474779920174e-02, 1.60703132536403649e-02,-2.72490618565782272e-01,-2.11483806050801124e-02, 7.51250927550103587e-01,-7.10038910360760445e-02, 2.01878762912986076e+00, 1.15104071814369218e-03,-8.03277299990669746e+01
 3.38389699723516013e-01, 4.19000000000087311e+01,-9.78915914744378918e-02,-6.40276954903342169e-06,-1.25432822552017209e-01,-1.66222124102648872e+00, 5.67062362768185335e-01, 2.97245575019334622e-02, 1.53758605202531443e-02,-2.71047615664635033e-01,-2.11571173779818919e-02, 7.50537839397018569e-01,-7.10767026138192232e-02, 2.01766617597944364e+00, 1.09706003228826360e-03,-8.03850923407585896e+01
 3.38252214749597047e-01, 4.19500000000116415e+01,-9.79229995656407115e-02, 2.12629525247271614e-05,-1.25020688675786446e-01,-1.66558031438148735e+00, 5.43892199063092274e-01, 2.83397820393059170e-02, 1.46996135444357919e-02,-2.69665787242910737e-01,-2.11656328940650444e-02, 7.49842608503345942e-01,-7.11465170472056763e-02, 2.01654163972147993e+00, 1.04484915040565563e-03,-8.04410019939834058e+01
 3.38114373026727366e-01, 4.20000000000000000e+01,-9.79536835507435338e-02, 3.32818534326583600e-05,-1.24627443588901279e-01,-1.66885487712345060e+00, 5.21187463492919223e-01, 2.69965155697247765e-02, 1.40412034781255586e-02,-2.68343372943942837e-01,-2.11739313828738784e-02, 7.49164906317563939e-01,-7.12133932868316832e-02, 2.01541406807822421e+00, 9.94353464241744560e-04,-8.04954867283272932e+01
 3.37976180224182188e-01, 4.20500000000029104e+01,-9.79836576828638367e-02, 1.02312024207142091e-05,-1.24252568099245397e-01,-1.67204658385838112e+00, 4.98946045999851540e-01, 2.56937588226915925e-02, 1.34002607434247547e-02,-2.67078785877412184e-01,-2.11820170993623873e-02, 7.48504401224902249e-01,-7.12773904299086603e-02, 2.01428350678351764e+00, 9.45519546563546726e-04,-8.05485744802066108e+01
 3.37837642945726824e-01, 4.21000000000058208e+01,-9.80129354557886523e-02,-1.74182932198943573e-05,-1.23895555060356682e-01,-1.67515700355328412e+00, 4.77165963894943645e-01, 2.44305553765075713e-02, 1.27764341652655024e-02,-2.65870176176090378e-01,-2.11898940788531019e-02, 7.47860778614021116e-01,-7.13385649401625938e-02, 2.01315000923891008e+00, 8.98296468710713504e-04,-8.06002917440205806e+01
 3.37698767447320747e-01, 4.21500000000087311e+01,-9.80415304481809108e-02,-2.74563437132068892e-05,-1.23555908238482615e-01,-1.67818771434846092e+00, 4.55844715008914214e-01, 2.32059549681853036e-02, 1.21693719280564772e-02,-2.64715760774257625e-01,-2.11975663798660355e-02, 7.47233721093511272e-01,-7.13969733772868431e-02, 2.01201362602444078e+00, 8.52634409684962830e-04,-8.06506651664744680e+01
 3.37559558948747063e-01, 4.22000000000116415e+01,-9.80694567149150709e-02,-9.81099951437436431e-06,-1.23233154677899401e-01,-1.68114034732128892e+00, 4.34978976154289487e-01, 2.20189969047492329e-02, 1.15787128133951617e-02,-2.63613871004848788e-01,-2.12050381961285846e-02, 7.46622899371486071e-01,-7.14526736239972926e-02, 2.01087439926355538e+00, 8.08484015546800873e-04,-8.06997222819938713e+01
 3.37420022873233250e-01, 4.22500000000000000e+01,-9.80967280006327380e-02, 2.34272200658401586e-05,-1.22926832980369868e-01,-1.68401649823102262e+00, 4.14565243241064141e-01, 2.08687437568687434e-02, 1.10041038395383931e-02,-2.62562916178544659e-01,-2.12123136306268355e-02, 7.46027990758901582e-01,-7.15057223657206975e-02, 2.00973237276487504e+00, 7.65797606549490132e-04,-8.07474900292313720e+01
 3.37280164023467055e-01, 4.23000000000029104e+01,-9.81233582541873456e-02, 2.68467504407259047e-05,-1.22636500645830857e-01,-1.68681778521846981e+00, 3.94599433531000021e-01, 1.97542593387277886e-02, 1.04451887005570371e-02,-2.61561483328184186e-01,-2.12193968433247136e-02, 7.45448667132531773e-01,-7.15561767344161659e-02, 2.00858758527818670e+00, 7.24528335236599439e-04,-8.07939957209344470e+01
 3.37139988883719821e-01, 4.23500000000058208e+01,-9.81493603888911048e-02, 2.14288245782039466e-06,-1.22361720505614405e-01,-1.68954571046969448e+00, 3.75077900306310053e-01, 1.86746608078607532e-02, 9.90163535813066813e-03,-2.60608175593951108e-01,-2.12262916970171744e-02, 7.44884623940076263e-01,-7.16040904690783964e-02, 2.00744008933835527e+00, 6.84632067026249040e-04,-8.08392647187517639e+01
 3.36999504238798431e-01, 4.24000000000087311e+01,-9.81747472098392360e-02,-2.00382430306251250e-05,-1.22102062006148329e-01,-1.69220176446406789e+00, 3.55996703584886331e-01, 1.76290788458000579e-02, 9.37311516737089796e-03,-2.59701582220683125e-01,-2.12330020242180416e-02, 7.44335558420125221e-01,-7.16495169166222606e-02, 2.00628993996527827e+00, 6.46065885335548500e-04,-8.08833221855173576e+01
 3.36858715772591910e-01, 4.24500000000116415e+01,-9.81995316963365228e-02,-8.59942222962814634e-06,-1.21857109311606857e-01,-1.69478745550496845e+00, 3.37351407751302235e-01, 1.66166465216570428e-02, 8.85929696780219343e-03,-2.58840307657952740e-01,-2.12395317027472205e-02, 7.43801163449253511e-01,-7.16925095953449554e-02, 2.00513718318968293e+00, 6.08787654199214397e-04,-8.09261935815279685e+01
 3.36717626592214825e-01, 4.25000000000000000e+01,-9.82237273876762351e-02, 1.79658174311733701e-05,-1.21626466698029068e-01,-1.69730435104601618e+00, 3.19136786967824326e-01, 1.56364839850328327e-02, 8.35983884857004721e-03,-2.58023025279097984e-01,-2.12458847615015316e-02, 7.43281118909285499e-01,-7.17331231153745530e-02, 2.00398184396245682e+00, 5.72755428504891605e-04,-8.09679053589942157e+01
 3.36576240056442544e-01, 4.25500000000029104e+01,-9.82473473694295413e-02, 1.21194669982197293e-05,-1.21409744850764098e-01,-1.69975396671679646e+00, 3.01347647863927592e-01, 1.46877399520497932e-02, 7.87441025331610082e-03,-2.57248466207026294e-01,-2.12520650963678136e-02, 7.42775114965759542e-01,-7.17714103788491681e-02, 2.00282394930855334e+00, 5.37928945059784245e-04,-8.10084830968332881e+01
 3.36434565779989869e-01, 4.26000000000058208e+01,-9.82704037272144337e-02,-1.31742916685370359e-05,-1.21206553877078141e-01,-1.70213771669534464e+00, 2.83979216491861308e-01, 1.37696096856275620e-02, 7.40270180276341588e-03,-2.56515380537212401e-01,-2.12580763432051942e-02, 7.42282862508740648e-01,-7.18074226742927146e-02, 2.00166357750820278e+00, 5.04270252062104284e-04,-8.10479506667192453e+01
 3.36292615886942814e-01, 4.26500000000087311e+01,-9.82929084781807988e-02,-1.89208266294027744e-05,-1.21016518543543714e-01,-1.70445701308983333e+00, 2.67026424352746650e-01, 1.28812977109825175e-02, 6.94440546383046607e-03,-2.55822566438906274e-01,-2.12639221322526197e-02, 7.41804072359769751e-01,-7.18412118453407161e-02, 2.00050082743281221e+00, 4.71742316189976421e-04,-8.10863319034259007e+01
 3.36150389709411357e-01, 4.27000000000116415e+01,-9.83148742238865725e-02, 1.32925552765678750e-06,-1.20839283156952679e-01,-1.70671330679090794e+00, 2.50483614334095550e-01, 1.20220027610415236e-02, 6.49920641942177118e-03,-2.55168869394150954e-01,-2.12696061926875880e-02, 7.41338446730609779e-01,-7.18728272889757047e-02, 1.99933569319861282e+00, 4.40308444754260913e-04,-8.11236512913202858e+01
 3.36007875576259274e-01, 4.27500000000000000e+01,-9.83363137294550327e-02, 2.25411186842589029e-05,-1.20674503677262346e-01,-1.70890804274565999e+00, 2.34344881027450047e-01, 1.11909343408105426e-02, 6.06679195805779215e-03,-2.54553168322776857e-01,-2.12751322381305209e-02, 7.40885688621392369e-01,-7.19023150043849590e-02, 1.99816807876802338e+00, 4.09932865883929449e-04,-8.11599332126274646e+01
 3.35865073227725630e-01, 4.28000000000029104e+01,-9.83572391254513012e-02, 7.75816703441080776e-06,-1.20521840877227421e-01,-1.71104261845355787e+00, 2.18604393665961488e-01, 1.03873277851586412e-02, 5.64685969210070721e-03,-2.53974370720619347e-01,-2.12805038604115641e-02, 7.40445510550432728e-01,-7.19297225878355873e-02, 1.99699798157387409e+00, 3.80581254366595123e-04,-8.11952012499437075e+01
 3.35722031641070173e-01, 4.28500000000058208e+01,-9.83776607247850293e-02,-2.03994676831813589e-05,-1.20380953237035973e-01,-1.71311833306623162e+00, 2.03256795548091618e-01, 9.61046242721772317e-03, 5.23912760929836664e-03,-2.53431408116260859e-01,-2.12857243993072251e-02, 7.40017645260752754e-01,-7.19551083093615401e-02, 1.99582580255281838e+00, 3.52221373195126550e-04,-8.12294773309765930e+01
 3.35578807451884453e-01, 4.29000000000087311e+01,-9.83975888663775333e-02,-1.68161692134063345e-05,-1.20251514896409964e-01,-1.71513650649299132e+00, 1.88296324683168231e-01, 8.85961780192765121e-03, 4.84331039912540458e-03,-2.52923255097431909e-01,-2.12907972474036672e-02, 7.39601820764288376e-01,-7.19785332218298018e-02, 1.99465200557762579e+00, 3.24821446273563391e-04,-8.12627837301618854e+01
 3.35435321313541812e-01, 4.29500000000116415e+01,-9.84170370237582443e-02, 1.00402094824599401e-05,-1.20133220362467166e-01,-1.71709851234206301e+00, 1.73716570461975334e-01, 8.13406183624800633e-03, 4.45911293070070779e-03,-2.52448929521456422e-01,-2.12957259343907503e-02, 7.39197753446080519e-01,-7.20000215272005167e-02, 1.99347594009733231e+00, 2.98349701667312631e-04,-8.12951436221062380e+01
 3.35291496964647939e-01, 4.30000000000000000e+01,-9.84360182519496280e-02, 1.64075970061543995e-05,-1.20025768292782414e-01,-1.71900568260263853e+00, 1.59511201319394780e-01, 7.43308543475658043e-03, 4.08624914045169294e-03,-2.52007475305589868e-01,-2.13005138830971961e-02, 7.38805168079510022e-01,-7.20195968327150549e-02, 1.99229698058588767e+00, 2.72775616053959910e-04,-8.13265794798066537e+01
 3.35147414057490656e-01, 4.30500000000029104e+01,-9.84545418488171620e-02,-5.36383942495660520e-06,-1.19928862573143044e-01,-1.72085926933422306e+00, 1.45674270187708316e-01, 6.75601592375972906e-03, 3.72444957477847081e-03,-2.51597960571913082e-01,-2.13051643114553248e-02, 7.38423805890030649e-01,-7.20373242647967121e-02, 1.99111577951790264e+00, 2.48070387733725093e-04,-8.13571124309878826e+01
 3.35003181093906088e-01, 4.31000000000058208e+01,-9.84726161386392795e-02,-2.56552712679003857e-05,-1.19842210605772270e-01,-1.72266047805630107e+00, 1.32199975884494142e-01, 6.10220458879809444e-03, 3.37345473215974441e-03,-2.51219476804999897e-01,-2.13096803179719414e-02, 7.38053417572330561e-01,-7.20532755978462169e-02, 1.98993322618758350e+00, 2.24206460051293110e-04,-8.13867628192719508e+01
 3.34858749012750423e-01, 4.31500000000087311e+01,-9.84902527998403055e-02, 2.74775030244138814e-06,-1.19765528800552301e-01,-1.72441054384758119e+00, 1.19082092139875889e-01, 5.47099924021519739e-03, 3.03299999145473882e-03,-2.50871146458970296e-01,-2.13140650764880313e-02, 7.37693747335118166e-01,-7.20674788147210171e-02, 1.98874891821377631e+00, 2.01156494167289686e-04,-8.14155514828967455e+01
 3.34713983600545939e-01, 4.32000000000116415e+01,-9.85074656220878836e-02, 6.45063884519613292e-06,-1.19698549642649490e-01,-1.72611075189754870e+00, 1.06313814098053253e-01, 4.86173705292178206e-03, 2.70281156322283713e-03,-2.50552129825477754e-01,-2.13183218887544670e-02, 7.37344528598066318e-01,-7.20799392345058826e-02, 1.98756175471540297e+00, 1.78893084443380114e-04,-8.14435000999077801e+01
 3.34569113609877455e-01, 4.32500000000000000e+01,-9.85242600426459031e-02,-7.81399621793710241e-06,-1.19641008304629162e-01,-1.72776224839465042e+00, 9.38892179394341247e-02, 4.27381174501427919e-03, 2.38264382866632419e-03,-2.50261605785115415e-01,-2.13224537004783506e-02, 7.37005523709000521e-01,-7.20907606653062027e-02, 1.98637361136033319e+00, 1.57391210553632524e-04,-8.14706280107022422e+01
 3.34423933556675268e-01, 4.33000000000029104e+01,-9.85406500120188933e-02, 2.42509674898663238e-06,-1.19592645970371697e-01,-1.72936617459081465e+00, 8.18022456782313973e-02, 3.70662542111188827e-03, 2.07225280996748079e-03,-2.49998775621462166e-01,-2.13264634444295977e-02, 7.36676495818431865e-01,-7.20999233980755411e-02, 1.98518280267318548e+00, 1.36626450770694361e-04,-8.14969544707365259e+01
 3.34278549068891873e-01, 4.33500000000058208e+01,-9.85566437175788013e-02,-1.08102842033045283e-06,-1.19553213337188310e-01,-1.73092371456986172e+00, 7.00463423428545479e-02, 3.15957171273805468e-03, 1.77138674517990976e-03,-2.49762870356392691e-01,-2.13303541626716359e-02, 7.36357198860594475e-01,-7.21074973799530339e-02, 1.98399019471209415e+00, 1.16574342257168650e-04,-8.15224994530468905e+01
 3.34132892927859360e-01, 4.34000000000087311e+01,-9.85722519981267337e-02,-2.65649270485987482e-07,-1.19522466398208418e-01,-1.73243596483851925e+00, 5.86154703186263781e-02, 2.63208167512550811e-03, 1.47981179412188819e-03,-2.49553141203568474e-01,-2.13341286728512478e-02, 7.36047404950975759e-01,-7.21135005680105523e-02, 1.98279523579192829e+00, 9.72120562360123241e-05,-8.15472814572348881e+01
 3.33987060036093020e-01, 4.34500000000116415e+01,-9.85874825696061163e-02,-4.65710946034831990e-08,-1.19500169115112020e-01,-1.73390403089385559e+00, 4.75033722818291940e-02, 2.12358951259125498e-03, 1.19729296958870812e-03,-2.49368864013850472e-01,-2.13377898153187320e-02, 7.35746884121585509e-01,-7.21179972321631391e-02, 1.98159870424610007e+00, 7.85171194335253057e-05,-8.15713191319647279e+01
 3.33841006954989250e-01, 4.35000000000000000e+01,-9.86023456280486071e-02,-6.99221431400229751e-08,-1.19486091550175089e-01,-1.73532898939044178e+00, 3.67038710212348393e-02, 1.63354575583193407e-03, 9.23601579668132527e-04,-2.49209336232715961e-01,-2.13413403563193389e-02, 7.35455412277927989e-01,-7.21210113239846295e-02, 1.98040024349223165e+00, 6.04678850464717950e-05,-8.15946306393550032e+01
 3.33694788442339907e-01, 4.35500000000029104e+01,-9.86168492549338582e-02,-7.25121622881531307e-08,-1.19480010148777710e-01,-1.73671189681933846e+00, 2.62108096542219456e-02, 1.16141404256745340e-03, 6.58513498196731484e-04,-2.49073876713095083e-01,-2.13447830102067894e-02, 7.35172769388043990e-01,-7.21225940186342174e-02, 1.97920030269352054e+00, 4.30433998408127363e-05,-8.16172338008241098e+01
 3.33548393673379850e-01, 4.36000000000058208e+01,-9.86310026383343114e-02,-7.23510239094778849e-08,-1.19481707473514664e-01,-1.73805378795584331e+00, 1.60180707268760963e-02, 7.06671496409128725e-04, 4.01809452182396061e-04,-2.48961824779619423e-01,-2.13481204354763858e-02, 7.34898739819561664e-01,-7.21227770799897777e-02, 1.97799879291402347e+00, 2.62234046558635518e-05,-8.16391460710452890e+01
 3.33401810258952991e-01, 4.36500000000087311e+01,-9.86448148051321111e-02,-7.21060829078068766e-08,-1.19490972266938958e-01,-1.73935567538443303e+00, 6.11958673908571688e-03, 2.68808724898959481e-04, 1.53275097032863243e-04,-2.48872539979419022e-01,-2.13513552335530890e-02, 7.34633112450114201e-01,-7.21215910506592672e-02, 1.97679561234240153e+00, 9.98832153651819689e-06,-8.16603845299894715e+01
 3.33255044989302307e-01, 4.37000000000116415e+01,-9.86582942160754983e-02,-7.16948517002394210e-08,-1.19507599154533045e-01,-1.74061855014062461e+00,-3.49065834601387705e-03,-1.52670568590190840e-04,-8.72991277069196434e-05,-2.48805401190155207e-01,-2.13544899504402204e-02, 7.34375680542315390e-01,-7.21190711838926718e-02, 1.97559081657991120e+00,-5.68077286665489404e-06,-8.16809658937501837e+01
 3.33108099542724800e-01, 4.37500000000000000e+01,-9.86714491849107755e-02,-7.13860485019304463e-08,-1.19531391582299737e-01,-1.74184337464992534e+00,-1.28185672340615214e-02,-5.58247327768928532e-04,-3.20116628313942117e-04,-2.48759812913843109e-01,-2.13575270586268198e-02, 7.34126243239551224e-01,-7.21152503044883708e-02, 1.97438441928247843e+00,-2.08020749199334824e-05,-8.17009063957539325e+01
 3.32960981306059445e-01, 4.38000000000029104e+01,-9.86842878652271632e-02,-7.10396673583359277e-08,-1.19562151819111395e-01,-1.74303110597143540e+00,-2.18701062810382416e-02,-9.48395284489011764e-04,-5.45379242728684941e-04,-2.48735183036048024e-01,-2.13604690166621265e-02, 7.33884600682415678e-01,-7.21101626391363049e-02, 1.97317648098725718e+00,-3.53933678860511629e-05,-8.17202221779037927e+01
 3.32813690739192092e-01, 4.38500000000058208e+01,-9.86968182308753106e-02,-7.08320388595477407e-08,-1.19599694476884608e-01,-1.74418266459587445e+00,-3.06510542128807760e-02,-1.32357040552085435e-03,-7.63281124355988491e-04,-2.48730951952234519e-01,-2.13633181891946140e-02, 7.33650560584634848e-01,-7.21038392158410840e-02, 1.97196700537477798e+00,-4.94716398274968193e-05,-8.17389287655860386e+01
 3.32666236407522908e-01, 4.39000000000087311e+01,-9.87090481684530646e-02,-7.03791296620934437e-08,-1.19643827250183452e-01,-1.74529897958172953e+00,-3.91673530166389908e-02,-1.68422644999749438e-03,-9.74017620169540920e-04,-2.48746550304518699e-01,-2.13660769626487258e-02, 7.33423928739510678e-01,-7.20963135983553743e-02, 1.97075606269787396e+00,-6.30536727731667471e-05,-8.17570418271596537e+01
 3.32518613313665334e-01, 4.39500000000116415e+01,-9.87209854303337936e-02,-6.99708955821980655e-08,-1.19694374682013827e-01,-1.74638093344543299e+00,-4.74246675692669567e-02,-2.03079632412680360e-03,-1.17777446729527423e-03,-2.48781450259970921e-01,-2.13687476039975954e-02, 7.33204520628511380e-01,-7.20876139413979128e-02, 1.96954361184121507e+00,-7.61553580519049164e-05,-8.17745762467115753e+01
 3.32370830814414764e-01, 4.40000000000000000e+01,-9.87326374178287836e-02,-6.95127494599353413e-08,-1.19751160812419960e-01,-1.74742940109194467e+00,-5.54286882105667969e-02,-2.36370549924217778e-03,-1.37473545017983609e-03,-2.48835128456094484e-01,-2.13713323605353618e-02, 7.32992153233014032e-01,-7.20777722020920636e-02, 1.96832972958609109e+00,-8.87922049224914645e-05,-8.17915467791239195e+01
 3.32222897838862330e-01, 4.40500000000029104e+01,-9.87440112888743476e-02,-6.91075457974225879e-08,-1.19814018835429331e-01,-1.74844522839528493e+00,-6.31849564101978345e-02,-2.68336489653039825e-03,-1.56507821515050670e-03,-2.48907086269178068e-01,-2.13738334049909315e-02, 7.32786649550392521e-01,-7.20668192409525954e-02, 1.96711448923328702e+00,-1.00979083869056756e-04,-8.18079676897117452e+01
 3.32074821564887934e-01, 4.41000000000058208e+01,-9.87551140975565511e-02,-6.87303265893341435e-08,-1.19882784548689170e-01,-1.74942924529276644e+00,-7.06989640095412319e-02,-2.99017546744974067e-03,-1.74897685254297411e-03,-2.48996835472841876e-01,-2.13762528690884974e-02, 7.32587835843469648e-01,-7.20547848650919948e-02, 1.96589794972721887e+00,-1.12730405455547947e-04,-8.18238529745687089e+01
 3.31926608948889035e-01, 4.41500000000087311e+01,-9.87659527108648017e-02,-6.84108588978737878e-08,-1.19957300123531743e-01,-1.75038225966160899e+00,-7.79761002999948688e-02,-3.28452627410656325e-03,-1.92660071174807399e-03,-2.49103906151104226e-01,-2.13785928278597166e-02, 7.32395542935763699e-01,-7.20416980696580861e-02, 1.96468016821818092e+00,-1.24060056117230140e-04,-8.18392162575666759e+01
 3.31778255479873052e-01, 4.42000000000116415e+01,-9.87765340983723650e-02,-6.81064372586535524e-08,-1.20037409536103895e-01,-1.75130506496239025e+00,-8.50217088226881551e-02,-3.56679718643680829e-03,-2.09811591056631008e-03,-2.49227836581567885e-01,-2.13808553192353680e-02, 7.32209604607440556e-01,-7.20275840721470023e-02, 1.96346110764606396e+00,-1.34981506290683857e-04,-8.18540709189872473e+01
 3.31629763609590233e-01, 4.42500000000000000e+01,-9.87868649140377364e-02,-6.78098026319390478e-08,-1.20122962247803292e-01,-1.75219843420663257e+00,-9.18410354810650503e-02,-3.83735699609684486e-03,-2.26368416823182362e-03,-2.49368181090233815e-01,-2.13830423285906214e-02, 7.32029858870845707e-01,-7.20124693817529721e-02, 1.96224078816135750e+00,-1.45507746565431777e-04,-8.18684299940518230e+01
 3.31481135819371220e-01, 4.43000000000029104e+01,-9.87969516744936493e-02,-6.75112807377535852e-08,-1.20213810639094115e-01,-1.75306312465600156e+00,-9.84392623600048589e-02,-4.09656511324637401e-03,-2.42346373703237507e-03,-2.49524504240015182e-01,-2.13851558007910787e-02, 7.31856146985782163e-01,-7.19963799723716824e-02, 1.96101923016781243e+00,-1.55651357661385945e-04,-8.18823062520113183e+01
 3.31332380180733688e-01, 4.43500000000058208e+01,-9.88068006265432203e-02,-6.72143526383261618e-08,-1.20309811475740838e-01,-1.75389987529864610e+00,-1.04821484098249013e-01,-4.34477085421052563e-03,-2.57760892161888657e-03,-2.49696383958062068e-01,-2.13871976337296106e-02, 7.31688313995619177e-01,-7.19793427921602558e-02, 1.95979650003144568e+00,-1.65424489800444893e-04,-8.18957121537114006e+01
 3.31183504090287684e-01, 4.44000000000087311e+01,-9.88164178801123755e-02,-6.69215390204540893e-08,-1.20410825476575792e-01,-1.75470940782215568e+00,-1.10992712325511680e-01,-4.58231389167019793e-03,-2.72627028159272465e-03,-2.49883410386181254e-01,-2.13891696808233764e-02, 7.31526208526762534e-01,-7.19613840068128868e-02, 1.95857265859825191e+00,-1.74838885142729019e-04,-8.19086598679871685e+01
 3.31034507607398332e-01, 4.44500000000116415e+01,-9.88258095422986926e-02,-6.66348016979972688e-08,-1.20516717139329183e-01,-1.75549242675878991e+00,-1.16957873657755354e-01,-4.80952442705086247e-03,-2.86959467198331626e-03,-2.50085185418997547e-01,-2.13910737513902174e-02, 7.31369682762147089e-01,-7.19425271007276684e-02, 1.95734770641523048e+00,-1.83905889699429657e-04,-8.19211612741342776e+01
 3.30885393883530665e-01, 4.45000000000000000e+01,-9.88349815098324563e-02,-6.63587421892352429e-08,-1.20627354941190701e-01,-1.75624961948811231e+00,-1.22721806696613187e-01,-5.02672331441402550e-03,-3.00772525579503158e-03,-2.50301322919706859e-01,-2.13929116106593188e-02, 7.31218592444556670e-01,-7.19227958583007754e-02, 1.95612166945652222e+00,-1.92636462778005794e-04,-8.19332279619789290e+01
 3.30736161785950888e-01, 4.45500000000029104e+01,-9.88439396215909510e-02,-6.60896361903856844e-08,-1.20742610808982451e-01,-1.75698165687678043e+00,-1.28289264296501893e-01,-5.23422239031398878e-03,-3.14080164033794232e-03,-2.50531447476455060e-01,-2.13946849814147209e-02, 7.31072796745474429e-01,-7.19022122770757582e-02, 1.95489453847785066e+00,-2.01041194162639880e-04,-8.19448712426685688e+01
 3.30586817614938133e-01, 4.46000000000058208e+01,-9.88526894274561613e-02,-6.58277257658565858e-08,-1.20862360235466329e-01,-1.75768919356092712e+00,-1.33664913113948486e-01,-5.43232468276313649e-03,-3.26895994352907138e-03,-2.50775194492020403e-01,-2.13963955447222312e-02, 7.30932158209051885e-01,-7.18807999280691723e-02, 1.95366636536365545e+00,-2.09130316262856207e-04,-8.19561021534446326e+01
 3.30437369349745269e-01, 4.46500000000087311e+01,-9.88612363040826669e-02,-6.55705806094465290e-08,-1.20986482167277434e-01,-1.75837286808853732e+00,-1.38853332168911242e-01,-5.62132457234666358e-03,-3.39233283266144247e-03,-2.51032209819078256e-01,-2.13980449402982192e-02, 7.30796542725312581e-01,-7.18585823172553373e-02, 1.95243721583014307e+00,-2.16913714246108142e-04,-8.19669314600636909e+01
 3.30287814911583599e-01, 4.47000000000116415e+01,-9.88695857144971102e-02,-6.53209019978039694e-08,-1.21114857591422070e-01,-1.75903330584323792e+00,-1.43859033977790873e-01,-5.80150884506611727e-03,-3.51105010314716262e-03,-2.51302146645617230e-01,-2.13996347740036605e-02, 7.30665818917274668e-01,-7.18355796223908299e-02, 1.95120707288572670e+00,-2.24400969983432178e-04,-8.19773697060007009e+01
 3.30138162142181057e-01, 4.47500000000000000e+01,-9.88777427593248853e-02,-6.50754366673537130e-08,-1.21247372671240985e-01,-1.75967111325020364e+00,-1.48686415511781550e-01,-5.97315493389820058e-03,-3.62523756307292109e-03,-2.51584672013084654e-01,-2.14011666030040036e-02, 7.30539859364288668e-01,-7.18118142236508356e-02, 1.94997600114597769e+00,-2.31601298291793779e-04,-8.19874271150141425e+01
 3.29988419117815401e-01, 4.48000000000029104e+01,-9.88857123982069680e-02,-6.48307788242037504e-08,-1.21383917083713738e-01,-1.76028688104402753e+00,-1.53339782275307673e-01,-6.13653208897374774e-03,-3.73501767947568728e-03,-2.51879463161037098e-01,-2.14026419441451371e-02, 7.30418539916371956e-01,-7.17873080392061047e-02, 1.94874406718310178e+00,-2.38523594608657836e-04,-8.19971136461396242e+01
 3.29838581365424210e-01, 4.48500000000058208e+01,-9.88934997884736572e-02,-6.45950632101900684e-08,-1.21524378853371043e-01,-1.76088119387581932e+00,-1.57823423911261473e-01,-6.29190454127873111e-03,-3.84051145115831731e-03,-2.52186197036136317e-01,-2.14040622985673425e-02, 7.30301737672867546e-01,-7.17620791733010605e-02, 1.94751123433853968e+00,-2.45176559706142489e-04,-8.20064391552956806e+01
 3.29688659509896509e-01, 4.49000000000087311e+01,-9.89011095633426096e-02,-6.43635615462961250e-08,-1.21668655062062800e-01,-1.76145461072894793e+00,-1.62141453934913110e-01,-6.43952535204464840e-03,-3.94183461918242752e-03,-2.52504571803445266e-01,-2.14054291015396102e-02, 7.30189335110324800e-01,-7.17361492049755911e-02, 1.94627759018189872e+00,-2.51568465990249237e-04,-8.20154130659147995e+01
 3.29538660959247942e-01, 4.49500000000116415e+01,-9.89085463099324547e-02,-6.41348477022033620e-08,-1.21816644879973443e-01,-1.76200767789016677e+00,-1.66297912592060532e-01,-6.57964067053043184e-03,-4.03910019442795497e-03,-2.52834292638160762e-01,-2.14067437556922542e-02, 7.30081217352295253e-01,-7.17095383619810733e-02, 1.94504319584408703e+00,-2.57707323228285206e-04,-8.20240445871364159e+01
 3.29388584921278482e-01, 4.50000000000000000e+01,-9.89158147664039589e-02,-6.39116875178426843e-08,-1.21968243798431228e-01,-1.76254094019739416e+00,-1.70296856315442391e-01,-6.71249336410172960e-03,-4.13242064258127154e-03,-2.53175059650355749e-01,-2.14080076598304019e-02, 7.29977269801857953e-01,-7.16822644518664287e-02, 1.94380804498867454e+00,-2.63601021747420568e-04,-8.20323429029852065e+01
 3.29238439575992914e-01, 4.50500000000029104e+01,-9.89229192494853332e-02,-6.36923893821844360e-08,-1.22123357521012860e-01,-1.76305491455978691e+00,-1.74142141557643987e-01,-6.83831474113789396e-03,-4.22190276493973095e-03,-2.53526596503265422e-01,-2.14092221411087552e-02, 7.29877383721841300e-01,-7.16543469363271346e-02, 1.94257220513162632e+00,-2.69257014478808683e-04,-8.20403167270561795e+01
 3.29088230875711929e-01, 4.51000000000058208e+01,-9.89298640277749136e-02,-6.34764452806944946e-08,-1.22281893015574378e-01,-1.76355010722518024e+00,-1.77837562971951302e-01,-6.95733011924297168e-03,-4.30765105294771914e-03,-2.53888631781346075e-01,-2.14103884992666270e-02, 7.29781452599066460e-01,-7.16258042756972579e-02, 1.94133572547758582e+00,-2.74682533729254854e-04,-8.20479745929454367e+01
 3.28937950521702993e-01, 4.51500000000087311e+01,-9.89366536333785435e-02,-6.32650757018776242e-08,-1.22443754486576697e-01,-1.76402702193064842e+00,-1.81386918184439888e-01,-7.06976144125572113e-03,-4.38976926976743578e-03,-2.54260890914686177e-01,-2.14115080275073741e-02, 7.29689370428840189e-01,-7.15966507446744033e-02, 1.94009853792350451e+00,-2.79884695192272122e-04,-8.20553249913363629e+01
 3.28787601480484803e-01, 4.52000000000116415e+01,-9.89432921685285960e-02,-6.30580689076955706e-08,-1.22608854100802536e-01,-1.76448613882375915e+00,-1.84793835291700487e-01,-7.17582076362994342e-03,-4.46835638315320072e-03,-2.54643117711991329e-01,-2.14125819585096640e-02, 7.29601036157295990e-01,-7.15669030698554004e-02, 1.93886066709648319e+00,-2.84870246421557261e-04,-8.20623760155302051e+01
 3.28637183189265547e-01, 4.52500000000000000e+01,-9.89497837073927827e-02,-6.28556002671706909e-08,-1.22777105876560808e-01,-1.76492792665675702e+00,-1.88061870409925141e-01,-7.27571417388030509e-03,-4.54350893263094809e-03,-2.55035061929823947e-01,-2.14136114956661357e-02, 7.29516351113875694e-01,-7.15365765819181570e-02, 1.93762210857230799e+00,-2.89645720111165030e-04,-8.20691355665472315e+01
 3.28486696943607548e-01, 4.53000000000029104e+01,-9.89561322508352298e-02,-6.26568723547160128e-08,-1.22948422466991975e-01,-1.76535285005157383e+00,-1.91194565538875677e-01,-7.36964410946967709e-03,-4.61532243784215385e-03,-2.55436472937998260e-01,-2.14145978316939434e-02, 7.29435217482054976e-01,-7.15056869898708647e-02, 1.93638287323049285e+00,-2.94217526311687095e-04,-8.20756114753165349e+01
 3.28336140787565622e-01, 4.53500000000058208e+01,-9.89623416982592791e-02,-6.24618952957675171e-08,-1.23122722163844595e-01,-1.76576135436990733e+00,-1.94195324346048137e-01,-7.45780474801116793e-03,-4.68388848569353550e-03,-2.55847113411798111e-01,-2.14155421098849059e-02, 7.29357541488265149e-01,-7.14742484378032839e-02, 1.93514294517648544e+00,-2.98591773542457263e-04,-8.20818112482591147e+01
 3.28185512301556293e-01, 4.54000000000087311e+01,-9.89684158542967762e-02,-6.22705757941518820e-08,-1.23299925634478044e-01,-1.76615387295313919e+00,-1.97067469834039471e-01,-7.54038434341389088e-03,-4.74929613657456163e-03,-2.56266752823258392e-01,-2.14164454426530801e-02, 7.29283231877771110e-01,-7.14422745340494714e-02, 1.93390230469221924e+00,-3.02774360642875005e-04,-8.20877421890643575e+01
 3.28034830324177018e-01, 4.54500000000116415e+01,-9.89743580608253848e-02,-6.20828886123906114e-08,-1.23479952927050204e-01,-1.76653083508211339e+00,-1.99814308107482352e-01,-7.61756773478211406e-03,-4.81163346410597333e-03,-2.56695161667816196e-01,-2.14173089319201100e-02, 7.29212198239056919e-01,-7.14097848286171233e-02, 1.93266110716970907e+00,-3.06771076606039228e-04,-8.20934115325323859e+01
 3.27884101432245889e-01, 4.55000000000000000e+01,-9.89801717601069275e-02,-6.18986826399517502e-08,-1.23662728408996794e-01,-1.76689265321996336e+00,-2.02439023499071169e-01,-7.68953250455954324e-03,-4.87098510386372273e-03,-2.57132120840544209e-01,-2.14181336364500131e-02, 7.29144353692190217e-01,-7.13767948058219165e-02, 1.93141940704358039e+00,-3.10587450282238118e-04,-8.20988262301067238e+01
 3.27733332627042573e-01, 4.55500000000029104e+01,-9.89858602799490034e-02,-6.17177853287422200e-08,-1.23848179062682404e-01,-1.76723972763201242e+00,-2.04944715169863650e-01,-7.75645048242501727e-03,-4.92743315177859766e-03,-2.57577418294236249e-01,-2.14189205836829641e-02, 7.29079613916628233e-01,-7.13433196659819246e-02, 1.93017726226709851e+00,-3.14228809757363052e-04,-8.21039930275704251e+01
 3.27582510571716945e-01, 4.56000000000058208e+01,-9.89914274117883325e-02,-6.15401846381525839e-08,-1.24036227890889542e-01,-1.76757246491274067e+00,-2.07334547314187712e-01,-7.81849341974892066e-03,-4.98106073176146809e-03,-2.58030835513163637e-01,-2.14196708171746353e-02, 7.29017893249581217e-01,-7.13093689617051718e-02, 1.92893456323223655e+00,-3.17700508224270472e-04,-8.21089187765147557e+01
 3.27431642055730998e-01, 4.56500000000087311e+01,-9.89968763269030855e-02,-6.13657407455411997e-08,-1.24226805062754173e-01,-1.76789124677511311e+00,-2.09611493863015141e-01,-7.87582357821439358e-03,-5.03194599886235341e-03,-2.58492170330047621e-01,-2.14203853166851088e-02, 7.28959111261114678e-01,-7.12749572066465886e-02, 1.92769136614525305e+00,-3.21007551952412593e-04,-8.21136099096733005e+01
 3.27280739354460004e-01, 4.57000000000116415e+01,-9.90022099601347016e-02,-6.11942779047089137e-08,-1.24419844294225548e-01,-1.76819644042078306e+00,-2.11778422092686380e-01,-7.92859698386455362e-03,-5.08016414419662759e-03,-2.58961229351778677e-01,-2.14210650247360079e-02, 7.28903190570537207e-01,-7.12401000102376447e-02, 1.92644777244598697e+00,-3.24154728250870036e-04,-8.21180726152860814e+01
 3.27129812499410588e-01, 4.57500000000000000e+01,-9.90074312127915412e-02,-6.10256329575620997e-08,-1.24615280936429720e-01,-1.76848840401515495e+00,-2.13838136509918064e-01,-7.97696515271395512e-03,-5.12578845385911353e-03,-2.59437823963699243e-01,-2.14217108606317257e-02, 7.28850055693852639e-01,-7.12048120362134968e-02, 1.92520386511833386e+00,-3.27146674091082759e-04,-8.21223129291574878e+01
 3.26978873407090920e-01, 4.58000000000029104e+01,-9.90125428441968602e-02,-6.08596294281874843e-08,-1.24813053059248516e-01,-1.76876748376120640e+00,-2.15793354242715840e-01,-8.02107427912360921e-03,-5.16888975349667681e-03,-2.59921772474566104e-01,-2.14223237129702627e-02, 7.28799633660801582e-01,-7.11691080941204424e-02, 1.92395974271543801e+00,-3.29987843711050037e-04,-8.21263366854854837e+01
 3.26827935879274389e-01, 4.58500000000058208e+01,-9.90175474715909998e-02,-6.06960775271157675e-08,-1.25013101493504059e-01,-1.76903401389773318e+00,-2.17646704321876189e-01,-8.06106530988518095e-03,-5.20953641515298650e-03,-2.60412900121276714e-01,-2.14229044396421556e-02, 7.28751854015824208e-01,-7.11330031401539997e-02, 1.92271551936872509e+00,-3.32682511212836979e-04,-8.21301495168543312e+01
 3.26676931266864534e-01, 4.59000000000087311e+01,-9.90224499733532298e-02,-6.05356987244893125e-08,-1.25215338788185221e-01,-1.76928839780081404e+00,-2.19401389962912502e-01,-8.09709801406873451e-03,-5.24780989495522536e-03,-2.60910979760691331e-01,-2.14234540754617529e-02, 7.28706631735516863e-01,-7.10964906589033607e-02, 1.92147062949156644e+00,-3.35235742566941718e-04,-8.21337582174631535e+01
 3.26525908152037747e-01, 4.59500000000116415e+01,-9.90272518006828778e-02,-6.03779367204098654e-08,-1.25419722681852752e-01,-1.76953091596114009e+00,-2.21059618769156502e-01,-8.12929402505784514e-03,-5.28376794503409783e-03,-2.61415872322091181e-01,-2.14239733405605093e-02, 7.28663907676923572e-01,-7.10595938459564758e-02, 1.92022547388477172e+00,-3.37651101329052364e-04,-8.21371675154222913e+01
 3.26374873014849465e-01, 4.60000000000000000e+01,-9.90319555155962511e-02,-6.02227041245437220e-08,-1.25626197614968127e-01,-1.76976187920161365e+00,-2.22623853982848868e-01,-8.15778249930742064e-03,-5.31747398867358188e-03,-2.61927414738880759e-01,-2.14244630326572046e-02, 7.28623616304045707e-01,-7.10223247710697753e-02, 1.91898010632480709e+00,-3.39932483923010913e-04,-8.21403826482510766e+01
 3.26223832686321602e-01, 4.60500000000029104e+01,-9.90365635819241419e-02,-6.00699170768504899e-08,-1.25834710347738327e-01,-1.76998158785271320e+00,-2.24096480422913857e-01,-8.18268801902088429e-03,-5.34898929971371843e-03,-2.62445449814315945e-01,-2.14249239225407923e-02, 7.28585694287665064e-01,-7.09846952591916269e-02, 1.91773458350249948e+00,-3.42083633223518187e-04,-8.21434086766579128e+01
 3.26072794715685621e-01, 4.61000000000058208e+01,-9.90410783548152374e-02,-5.99194912284251748e-08,-1.26045210131314922e-01,-1.77019033139804050e+00,-2.25479801069547015e-01,-8.20413055305230059e-03,-5.37837294104679710e-03,-2.62969826481882052e-01,-2.14253567531661263e-02, 7.28550080580381954e-01,-7.09467169852224799e-02, 1.91648896805297619e+00,-3.44108136299737209e-04,-8.21462504786028518e+01
 3.25921760630338786e-01, 4.61500000000087311e+01,-9.90455023697073417e-02,-5.97713739225215454e-08,-1.26257642072230780e-01,-1.77038840614386084e+00,-2.26776181185654707e-01,-8.22223066143662820e-03,-5.40568514490453404e-03,-2.63500387373079736e-01,-2.14257622848879961e-02, 7.28516712695250757e-01,-7.09084000988483704e-02, 1.91524327296529329e+00,-3.46009636862134684e-04,-8.21489130462875465e+01
 3.25770705156552765e-01, 4.62000000000116415e+01,-9.90498392338049344e-02,-5.96256434061187306e-08,-1.26471926487922270e-01,-1.77057616969994269e+00,-2.27988493960610134e-01,-8.23712526350028028e-03,-5.43099770637231298e-03,-2.64036930489607802e-01,-2.14261414349185379e-02, 7.28485515231184433e-01,-7.08697489816344089e-02, 1.91399729015423414e+00,-3.47792485852130696e-04,-8.21514024017794071e+01
 3.25619651426116763e-01, 4.62500000000000000e+01,-9.90540904011242007e-02,-5.94821497785737665e-08,-1.26688033419297436e-01,-1.77075384380234602e+00,-2.29118506273407047e-01,-8.24891038863156088e-03,-5.45435634316977346e-03,-2.64579347964455869e-01,-2.14264947725893648e-02, 7.28456441404549238e-01,-7.08307775993988059e-02, 1.91275121078767052e+00,-3.49459393436426656e-04,-8.21537222830942113e+01
 3.25468603040493021e-01, 4.63000000000029104e+01,-9.90582580851672029e-02,-5.93408393329956045e-08,-1.26905915483954690e-01,-1.77092169242287989e+00,-2.30168335795644524e-01,-8.25769313334857348e-03,-5.47581472132116585e-03,-2.65127500712201980e-01,-2.14268229752918975e-02, 7.28429435534073022e-01,-7.07914956370695875e-02, 1.91150506497001937e+00,-3.51013553555440860e-04,-8.21558771377274581e+01
 3.25317563663086007e-01, 4.63500000000058208e+01,-9.90623444190050773e-02,-5.92016610238336253e-08,-1.27125527260019994e-01,-1.77107997040300003e+00,-2.31140030316107331e-01,-8.26357672558782931e-03,-5.49542464666444991e-03,-2.65681254581592863e-01,-2.14271266969879928e-02, 7.28404443860430906e-01,-7.07519124976332681e-02, 1.91025888332776117e+00,-3.52458033062724480e-04,-8.21578712593449296e+01
 3.25166537019066837e-01, 4.64000000000087311e+01,-9.90663514552798524e-02,-5.90645664695194489e-08,-1.27346825314987588e-01,-1.77122892345302807e+00,-2.32035567380101559e-01,-8.26666057910271923e-03,-5.51323607000353197e-03,-2.66240480357449794e-01,-2.14274065682103255e-02, 7.28381414546643180e-01,-7.07120373025945520e-02, 1.90901269700812026e+00,-3.53795773111759192e-04,-8.21597087877854193e+01
 3.25015525086059520e-01, 4.64500000000116415e+01,-9.90702814967517748e-02,-5.89294809371844690e-08,-1.27569756210935192e-01,-1.77136882218057123e+00,-2.32857132711312809e-01,-8.26705004274563837e-03,-5.52930356777284800e-03,-2.66805033301579675e-01,-2.14276632831606889e-02, 7.28360290511489095e-01,-7.06718794440740483e-02, 1.90776652274779779e+00,-3.55029994516737441e-04,-8.21613942809149478e+01
 3.24864528763284754e-01, 4.65000000000000000e+01,-9.90741369741439809e-02,-5.87963140704346873e-08,-1.27794260867846898e-01,-1.77149994950980338e+00,-2.33607016986392635e-01,-8.26485271588835342e-03,-5.54368393603937252e-03,-2.67374760731328209e-01,-2.14278975675032853e-02, 7.28341012079851913e-01,-7.06314483796809667e-02, 1.90652036838918537e+00,-3.56164049418466458e-04,-8.21629325031697988e+01
 3.24713553126994792e-01, 4.65500000000029104e+01,-9.90779194859308238e-02,-5.86650441848211171e-08,-1.28020309580060110e-01,-1.77162250183161940e+00,-2.34286805675651411e-01,-8.26015042751590718e-03,-5.55641739524636614e-03,-2.67949561444878026e-01,-2.14281099253661456e-02, 7.28323537801522147e-01,-7.05907520317020920e-02, 1.90527427625457157e+00,-3.57200248920274267e-04,-8.21643267644636239e+01
 3.24562601285333985e-01, 4.66000000000058208e+01,-9.90816309210284657e-02,-5.85356197118740272e-08,-1.28247861235308985e-01,-1.77173670458288934e+00,-2.34898325526579382e-01,-8.25303225864962818e-03,-5.56754959381662758e-03,-2.68529316224574877e-01,-2.14283009351711601e-02, 7.28307820108846760e-01,-7.05497986615945538e-02, 1.90402827243494266e+00,-3.58141236620297221e-04,-8.21655808624956023e+01
 3.24411676326645415e-01, 4.66500000000087311e+01,-9.90852731028454975e-02,-5.84079904495590304e-08,-1.28476876259411343e-01,-1.77184277560004877e+00,-2.35443344145200045e-01,-8.24358411065591670e-03,-5.57712463495863703e-03,-2.69113909874444501e-01,-2.14284711558375869e-02, 7.28293813035154058e-01,-7.05085962759470219e-02, 1.90278238286685530e+00,-3.58989554459868793e-04,-8.21666984669177793e+01
 3.24260781319514524e-01, 4.67000000000116415e+01,-9.90888477892825220e-02,-5.82821075643510831e-08,-1.28707316638421637e-01,-1.77194092511822965e+00,-2.35923569749897283e-01,-8.23188874986882820e-03,-5.58518508088199066e-03,-2.69703231220217998e-01,-2.14286211267819306e-02, 7.28281472215047687e-01,-7.04671526269059351e-02, 1.90153663333264178e+00,-3.59747643686177164e-04,-8.21676831193346260e+01
 3.24109909377975125e-01, 4.67500000000000000e+01,-9.90923572153625670e-02,-5.81579438132067547e-08,-1.28939135463573162e-01,-1.77203139520287567e+00,-2.36340974123147446e-01,-8.21803685742454777e-03,-5.59177943508517086e-03,-2.70297143568188625e-01,-2.14287514688334506e-02, 7.28270746580491402e-01,-7.04254736006730414e-02, 1.90029096743066894e+00,-3.60418311654956769e-04,-8.21685388958759262e+01
 3.23959058594321503e-01, 4.68000000000029104e+01,-9.90958032779415410e-02,-5.80354631508183011e-08,-1.29172292630375635e-01,-1.77211440048151525e+00,-2.36697306698123694e-01,-8.20211039947881144e-03,-5.59695089189060808e-03,-2.70895529120559198e-01,-2.14288627325491809e-02, 7.28261590842908646e-01,-7.03835656392259035e-02, 1.89904536984794903e+00,-3.61004032496228691e-04,-8.21692694112906423e+01
 3.23808233948483959e-01, 4.68500000000058208e+01,-9.90991874311539928e-02,-5.79146168474204411e-08,-1.29406756932628292e-01,-1.77219012056246061e+00,-2.36994032169719121e-01,-8.18418066531566464e-03,-5.60073591552419803e-03,-2.71498294641225213e-01,-2.14289553788206411e-02, 7.28253967089355747e-01,-7.03414360518477833e-02, 1.89779988214578732e+00,-3.61506858342779927e-04,-8.21698776916179270e+01
 3.23657435409812899e-01, 4.69000000000087311e+01,-9.91025113362900140e-02,-5.77953677060851927e-08,-1.29642493534387171e-01,-1.77225874725906407e+00,-2.37232717355557454e-01,-8.16432148665811007e-03,-5.60317319967348990e-03,-2.72105336077260618e-01,-2.14290298997318988e-02, 7.28247834837511765e-01,-7.02990910849944223e-02, 1.89655450451769214e+00,-3.61928978044181147e-04,-8.21703669676953297e+01
 3.23506662648263499e-01, 4.69500000000116415e+01,-9.91057766045348176e-02,-5.76776804755364323e-08,-1.29879468947256438e-01,-1.77232046589028425e+00,-2.37414877775624283e-01,-8.14260403860902343e-03,-5.60430012295183837e-03,-2.72716552568623150e-01,-2.14290867707047569e-02, 7.28243154973770790e-01,-7.02565366868379421e-02, 1.89530923468429857e+00,-3.62272496946505664e-04,-8.21707403609623981e+01
 3.23355915034439889e-01, 4.70000000000000000e+01,-9.91089847969818249e-02,-5.75615218516155798e-08,-1.30117651048874822e-01,-1.77237545527995644e+00,-2.37541977487685768e-01,-8.11909687702460497e-03,-5.60415275246395686e-03,-2.73331846447439020e-01,-2.14291264504987700e-02, 7.28239889753435232e-01,-7.02137785076400456e-02, 1.89406406789269610e+00,-3.62539437545674273e-04,-8.21710008834605929e+01
 3.23205187502141833e-01, 4.70500000000029104e+01,-9.91121378733624547e-02,-5.74468157581635363e-08,-1.30356994540010596e-01,-1.77242392995311038e+00,-2.37615774817569292e-01,-8.09387751238105704e-03,-5.60277382290842989e-03,-2.73951109363232859e-01,-2.14291494891912793e-02, 7.28237993915286208e-01,-7.01708220352149914e-02, 1.89281896273598438e+00,-3.62732236302848649e-04,-8.21711521467893675e+01
 3.23054479108030423e-01, 4.71000000000058208e+01,-9.91152372638560014e-02,-5.73335358657880068e-08,-1.30597471007556254e-01,-1.77246605283902237e+00,-2.37637606644514970e-01,-8.06700846323969191e-03,-5.60019622709930030e-03,-2.74574250997935976e-01,-2.14291563047837239e-02, 7.28237433064662265e-01,-7.01276723144975134e-02, 1.89157391185515045e+00,-3.62852717939366582e-04,-8.21711968953878369e+01
 3.22903788214214893e-01, 4.71500000000087311e+01,-9.91182843914403949e-02,-5.72216535259457390e-08,-1.30839052071678202e-01,-1.77250198439909123e+00,-2.37608790972075434e-01,-8.03855084468553700e-03,-5.59645231895534480e-03,-2.75201182898432040e-01,-2.14291473089264287e-02, 7.28238173327828031e-01,-7.00843341065123665e-02, 1.89032890215015947e+00,-3.62902673446685912e-04,-8.21711378319961341e+01
 3.22753112090046423e-01, 4.72000000000116415e+01,-9.91212807151335140e-02,-5.71111334663016567e-08,-1.31081707980788970e-01,-1.77253188668922701e+00,-2.37530660107376834e-01,-8.00856548495853388e-03,-5.59157468148691224e-03,-2.75831817142392355e-01,-2.14291229173141085e-02, 7.28240180496670830e-01,-7.00408119014444552e-02, 1.88908391148721422e+00,-3.62883908414804142e-04,-8.21709776859083547e+01
 3.22602447623411281e-01, 4.72500000000000000e+01,-9.91242276528766925e-02,-5.70019414799010689e-08,-1.31325410125459868e-01,-1.77255591610503083e+00,-2.37404501083233604e-01,-7.97711096735235874e-03,-5.58559475799743233e-03,-2.76466068723268066e-01,-2.14290835311223699e-02, 7.28243421556417636e-01,-6.99971098956587851e-02, 1.88783891457301478e+00,-3.62798158205281834e-04,-8.21707190910915131e+01
 3.22451791979979308e-01, 4.73000000000029104e+01,-9.91271265730176154e-02,-5.68940445044440534e-08,-1.31570130884732933e-01,-1.77257422395469999e+00,-2.37231560250882240e-01,-7.94424381604004817e-03,-5.57854296323254551e-03,-2.77103855261314258e-01,-2.14290295384748884e-02, 7.28247864565020553e-01,-6.99532321990701117e-02, 1.88659388840182451e+00,-3.62647095126770894e-04,-8.21703645958186542e+01
 3.22301198882998408e-01, 4.73500000000058208e+01,-9.91299780649548129e-02,-5.67874173081268443e-08,-1.31815829172247240e-01,-1.77258700540481295e+00,-2.37013444252653416e-01,-7.91003163242726126e-03,-5.57045790538196559e-03,-2.77745072365906398e-01,-2.14289614396658834e-02, 7.28253468348848965e-01,-6.99092005100229730e-02, 1.88534927741264347e+00,-3.62432905137127564e-04,-8.21699174848321263e+01
 3.22150641667064086e-01, 4.74000000000087311e+01,-9.91327837124558464e-02,-5.66820262225566687e-08,-1.32062485584334588e-01,-1.77259438038036232e+00,-2.36751143948239956e-01,-7.87452111430132599e-03,-5.56136394250924659e-03,-2.78389653594978803e-01,-2.14288795424539269e-02, 7.28260207576798768e-01,-6.98650111061966256e-02, 1.88410486171770963e+00,-3.62156886400573038e-04,-8.21693797787582128e+01
 3.22000124794313558e-01, 4.74500000000116415e+01,-9.91355446502075188e-02,-5.65778423916228258e-08,-1.32310073833075414e-01,-1.77259649054649815e+00,-2.36445829086540688e-01,-7.83776420011032815e-03,-5.55128946916871695e-03,-2.79037521622531870e-01,-2.14287842101863850e-02, 7.28268052342442740e-01,-6.98206698682957982e-02, 1.88286067867029883e+00,-3.61820590957754359e-04,-8.21687538631980345e+01
 3.21849653236836952e-01, 4.75000000000000000e+01,-9.91382619599849718e-02,-5.64748381348794511e-08,-1.32558568600350951e-01,-1.77259347268095779e+00,-2.36098630016758376e-01,-7.79981091654943521e-03,-5.54026189801811852e-03,-2.79688601645389778e-01,-2.14286757936749256e-02, 7.28276973770027980e-01,-6.97761826642382121e-02, 1.88161676985131154e+00,-3.61425511721270843e-04,-8.21680420414481603e+01
 3.21699232476502117e-01, 4.75500000000029104e+01,-9.91409366706299811e-02,-5.63729869482288934e-08,-1.32807945550817680e-01,-1.77258545867351991e+00,-2.35710637614863744e-01,-7.76070940554592775e-03,-5.52830766244191262e-03,-2.80342821382747853e-01,-2.14285546311954039e-02, 7.28286944014573612e-01,-6.97315553493444013e-02, 1.88037318106938534e+00,-3.60973082765706562e-04,-8.21672465344996965e+01
 3.21548872225589255e-01, 4.76000000000058208e+01,-9.91435697584924364e-02,-5.62722591654105683e-08,-1.33058179153063005e-01,-1.77257258442480103e+00,-2.35282976098087737e-01,-7.72050829326668530e-03,-5.51545389047575132e-03,-2.81000106270906713e-01,-2.14284210712496585e-02, 7.28297934388927537e-01,-6.96867951115077294e-02, 1.87912999312610141e+00,-3.60464784763366280e-04,-8.21663696304837003e+01
 3.21398595474810478e-01, 4.76500000000087311e+01,-9.91461621482865041e-02,-5.61726114042389512e-08,-1.33309237334268721e-01,-1.77255501149076422e+00,-2.34816980168438577e-01,-7.67926235348647627e-03,-5.50173246521578133e-03,-2.81660367788999000e-01,-2.14282755279226918e-02, 7.28309910808663918e-01,-6.96419137413744199e-02, 1.87788739664823678e+00,-3.59902401349543820e-04,-8.21654140481255126e+01
 3.21248402767321084e-01, 4.77000000000116415e+01,-9.91487147086215631e-02,-5.60740282381819577e-08,-1.33561102540888876e-01,-1.77253284162361280e+00,-2.34313495109320064e-01,-7.63701005941751655e-03,-5.48716398046648120e-03,-2.82323549576511734e-01,-2.14281182623083412e-02, 7.28322851778148483e-01,-6.95969147184215403e-02, 1.87664539668758046e+00,-3.59287009317342109e-04,-8.21643815016683590e+01
 3.21098305013810814e-01, 4.77500000000000000e+01,-9.91512282562819897e-02,-5.59764839222136953e-08,-1.33813752442655837e-01,-1.77250619526538689e+00,-2.33773519588420436e-01,-7.59379430376205637e-03,-5.47177248858633693e-03,-2.82989585064075566e-01,-2.14279495832741945e-02, 7.28336731870060539e-01,-6.95518050737403970e-02, 1.87540408403960579e+00,-3.58619906271207131e-04,-8.21632740190198092e+01
 3.20948313960210507e-01, 4.78000000000029104e+01,-9.91537035548932660e-02,-5.58799535112896173e-08,-1.34067165547080064e-01,-1.77247518874674093e+00,-2.33198018864566703e-01,-7.54965639972988468e-03,-5.45558121830036231e-03,-2.83658409781198051e-01,-2.14277697891431702e-02, 7.28351526524360193e-01,-6.95065919441930219e-02, 1.87416355643542132e+00,-3.57902341467898448e-04,-8.21620935588552044e+01
 3.20798442187954114e-01, 4.78500000000058208e+01,-9.91561413148770304e-02,-5.57844128611145366e-08,-1.34321321209560141e-01,-1.77243993428652891e+00,-2.32587924744080382e-01,-7.50463610344341125e-03,-5.43861257692858889e-03,-2.84329961353814109e-01,-2.14275791676938297e-02, 7.28367212048317225e-01,-6.94612825726616673e-02, 1.87292391854629114e+00,-3.57135515989737389e-04,-8.21608420106195183e+01
 3.20648666664229864e-01, 4.79000000000087311e+01,-9.91585430719326283e-02,-5.56898472762295923e-08,-1.34576194986989056e-01,-1.77240055490945192e+00,-2.31944257638098533e-01,-7.45877548240668833e-03,-5.42089094481957440e-03,-2.85004172924687271e-01,-2.14273780343154814e-02, 7.28383762476936258e-01,-6.94158743182970023e-02, 1.87168498046317722e+00,-3.56320758637120928e-04,-8.21595214450395162e+01
 3.20498948294640651e-01, 4.79500000000116415e+01,-9.91609107172960746e-02,-5.55962468704288933e-08,-1.34831761109597908e-01,-1.77235717644460045e+00,-2.31268060966088901e-01,-7.41211681554951318e-03,-5.40244117286945227e-03,-2.85680976688463095e-01,-2.14271667115407335e-02, 7.28401151257252688e-01,-6.93703600158007416e-02, 1.87044641934037337e+00,-3.55459432222003874e-04,-8.21581339797421037e+01
 3.20349323268825092e-01, 4.80000000000000000e+01,-9.91632442951162763e-02,-5.55035848963446561e-08,-1.35088004184977878e-01,-1.77230989013798479e+00,-2.30560095169817153e-01,-7.36469301131405154e-03,-5.38328159121749181e-03,-2.86360320373471533e-01,-2.14269454334249480e-02, 7.28419359116523557e-01,-6.93247530109614707e-02, 1.86920853509870732e+00,-3.54552493017960769e-04,-8.21566811514462074e+01
 3.20199791032633574e-01, 4.80500000000029104e+01,-9.91655447021956710e-02,-5.54118443246771751e-08,-1.35344904902888252e-01,-1.77225879850258705e+00,-2.29821212965819810e-01,-7.31653946419746643e-03,-5.36343259492903877e-03,-2.87042147018235216e-01,-2.14267144628164825e-02, 7.28438364412592798e-01,-6.92790564569128325e-02, 1.86797132372492714e+00,-3.53601030906936778e-04,-8.21551646859145563e+01
 3.20050350315512599e-01, 4.81000000000058208e+01,-9.91678128200297326e-02,-5.53210092970336517e-08,-1.35602444638466851e-01,-1.77220400057314009e+00,-2.29052238621409388e-01,-7.26769025870110854e-03,-5.34291388447308887e-03,-2.87726401473637261e-01,-2.14264740536439097e-02, 7.28458146237156434e-01,-6.92332731885523106e-02, 1.86673477527518594e+00,-3.52606095874950115e-04,-8.21535862503459668e+01
 3.19900999130330932e-01, 4.81500000000087311e+01,-9.91700495148440248e-02,-5.52310651261991717e-08,-1.35860605461020911e-01,-1.77214559190567833e+00,-2.28253967928598339e-01,-7.21817818780808289e-03,-5.32174446755040095e-03,-2.88413030402418613e-01,-2.14262244509157498e-02, 7.28478684415815203e-01,-6.91874057226998102e-02, 1.86549887387137514e+00,-3.51568698100769485e-04,-8.21519474533735945e+01
 3.19751731613767687e-01, 4.82000000000116415e+01,-9.91722557848594283e-02,-5.51419859607112971e-08,-1.36119367399455515e-01,-1.77208367408530365e+00,-2.27427245951692364e-01,-7.16803717340890219e-03,-5.29994443479042069e-03,-2.89101975638759501e-01,-2.14259659150426232e-02, 7.28499957506808515e-01,-6.91414556477662340e-02, 1.86426357154974931e+00,-3.50489919211049777e-04,-8.21502500047549091e+01
 3.19602541719868627e-01, 4.82500000000000000e+01,-9.91744325883354289e-02,-5.50537492055186287e-08,-1.36378711638832639e-01,-1.77201834361202737e+00,-2.26572876055308237e-01,-7.11729944520524474e-03,-5.27753288432967257e-03,-2.89793181951711332e-01,-2.14256986934058778e-02, 7.28521945140494287e-01,-6.90954243374269778e-02, 1.86302881881939331e+00,-3.49370782664885698e-04,-8.21484955287021563e+01
 3.19453424628673155e-01, 4.83000000000029104e+01,-9.91765807779074193e-02,-5.49663410224230302e-08,-1.36638621760369949e-01,-1.77194968766043193e+00,-2.25691585229153419e-01,-7.06599450210482292e-03,-5.25452713439281821e-03,-2.90486600002825335e-01,-2.14254230095125044e-02, 7.28544628911711678e-01,-6.90493132231443651e-02, 1.86179457632147405e+00,-3.48212204105935962e-04,-8.21466854926776193e+01
 3.19304373335469016e-01, 4.83500000000058208e+01,-9.91787012595667788e-02,-5.48797430133811551e-08,-1.36899080787347721e-01,-1.77187779434401693e+00,-2.24784108029665558e-01,-7.01415172211126547e-03,-5.23094463997839793e-03,-2.91182179176523337e-01,-2.14251390892527122e-02, 7.28567990219256445e-01,-6.90031231353319119e-02, 1.86056078659929036e+00,-3.47015111441549074e-04,-8.21448213797907982e+01
 3.19155411175494563e-01, 4.84000000000087311e+01,-9.91807943114961094e-02,-5.47939267696572721e-08,-1.37160071865887745e-01,-1.77180275166317025e+00,-2.23851177940827206e-01,-6.96180009895115345e-03,-5.20680279660523746e-03,-2.91879868789447605e-01,-2.14248471582088075e-02, 7.28592010487352004e-01,-6.89568635972818422e-02, 1.85932764334868916e+00,-3.45780432482590714e-04,-8.21429046711296991e+01
 3.19006537771129195e-01, 4.84500000000116415e+01,-9.91828606626544568e-02,-5.47088712807451055e-08,-1.37421578882958861e-01,-1.77172464314900191e+00,-2.22893491743679312e-01,-6.90896716380066511e-03,-5.18211813002511425e-03,-2.92579620312923894e-01,-2.14245474305130613e-02, 7.28616672082458727e-01,-6.89105371894675606e-02, 1.85809514399951903e+00,-3.44509044389905655e-04,-8.21409367726056985e+01
 3.18857752139277195e-01, 4.85000000000000000e+01,-9.91849010319810764e-02,-5.46245554925666407e-08,-1.37683586211335751e-01,-1.77164354972514726e+00,-2.21911724731675586e-01,-6.85567946793125445e-03,-5.15690664481806369e-03,-2.93281386420940871e-01,-2.14242401136110101e-02, 7.28641957921354222e-01,-6.88641462341892802e-02, 1.85686328096651532e+00,-3.43201795332321550e-04,-8.21389190462276559e+01
 3.18709058823605174e-01, 4.85500000000029104e+01,-9.91869160057753108e-02,-5.45409563334090733e-08,-1.37946078645935860e-01,-1.77155955020166966e+00,-2.20906534736594773e-01,-6.80196271827831524e-03,-5.13118391759663246e-03,-2.93985120737874805e-01,-2.14239254095253719e-02, 7.28667851367153174e-01,-6.88176945693466796e-02, 1.85563209242458527e+00,-3.41859510279638227e-04,-8.21368528184001718e+01
 3.18560456858421992e-01, 4.86000000000058208e+01,-9.91889062846638275e-02,-5.44580858894494929e-08,-1.38209041096690854e-01,-1.77147272344748496e+00,-2.19878579838636901e-01,-6.74784232227945181e-03,-5.10496550137725345e-03,-2.94690780317613421e-01,-2.14236035204060267e-02, 7.28694335772681168e-01,-6.87711844513252402e-02, 1.85440157093580549e+00,-3.40483017263194603e-04,-8.21347394163627911e+01
 3.18411953295905104e-01, 4.86500000000087311e+01,-9.91908723579364160e-02,-5.43759168476171780e-08,-1.38472459353423144e-01,-1.77138314308703615e+00,-2.18828475082426060e-01,-6.69334209273882066e-03,-5.07826594179732610e-03,-2.95398320854396379e-01,-2.14232746349809489e-02, 7.28721395595282706e-01,-6.87246202694487135e-02, 1.85317177545925915e+00,-3.39073083767828134e-04,-8.21325800792319143e+01
 3.18263553415072564e-01, 4.87000000000116415e+01,-9.91928147391612225e-02,-5.42944364604411376e-08,-1.38736319542609121e-01,-1.77129088133827639e+00,-2.17756823794617860e-01,-6.63848520812795450e-03,-5.05109949149804352e-03,-2.96107700147637820e-01,-2.14229389383627927e-02, 7.28749015589954308e-01,-6.86780058575830882e-02, 1.85194275028415278e+00,-3.37630462786844008e-04,-8.21303760223871535e+01
 3.18115260829291480e-01, 4.87500000000000000e+01,-9.91947339613620249e-02,-5.42136330438599984e-08,-1.39000608083015481e-01,-1.77119600870133165e+00,-2.16664215037211699e-01,-6.58329414530860104e-03,-5.02348005325739533e-03,-2.96818877157890848e-01,-2.14225966112547919e-02, 7.28777180874695119e-01,-6.86313445154869556e-02, 1.85071452591483587e+00,-3.36155889046082232e-04,-8.21281284322574265e+01
 3.17967066385435149e-01, 4.88000000000029104e+01,-9.91966308338699115e-02,-5.41334957623721644e-08,-1.39265310800475356e-01,-1.77109859703073647e+00,-2.15551248654976269e-01,-6.52779143326852850e-03,-4.99542175000681089e-03,-2.97531811634048127e-01,-2.14222478378033529e-02, 7.28805876284442933e-01,-6.85846359216111118e-02, 1.84948702711388635e+00,-3.34650115665546181e-04,-8.21258385178784067e+01
 3.17818978162530907e-01, 4.88500000000058208e+01,-9.91985057487559108e-02,-5.40540152098954760e-08,-1.39530415332073721e-01,-1.77099871123237884e+00,-2.14418467544262831e-01,-6.47199764521904936e-03,-4.96693738705754947e-03,-2.98246465119865189e-01,-2.14218927843767906e-02, 7.28835088117077090e-01,-6.85378844766372924e-02, 1.84826032137068830e+00,-3.33113815238958975e-04,-8.21235073715612884e+01
 3.17670997981014003e-01, 4.89000000000087311e+01,-9.92003592238136916e-02,-5.39751829551873322e-08,-1.39795909254294498e-01,-1.77089641576479884e+00,-2.13266410691495739e-01,-6.41593299385273194e-03,-4.93803965867947812e-03,-2.98962800163407871e-01,-2.14215316161829074e-02, 7.28864802766187037e-01,-6.84910927701064404e-02, 1.84703442434300324e+00,-3.31547657253558614e-04,-8.21211360779980453e+01
 3.17523128030562374e-01, 4.89500000000116415e+01,-9.92021917644482776e-02,-5.38969841611832273e-08,-1.40061780092415988e-01,-1.77079177455384440e+00,-2.12095612467248285e-01,-6.35961731491737833e-03,-4.90874113264399420e-03,-2.99680779438002087e-01,-2.14211644970523120e-02, 7.28895006738918494e-01,-6.84442634780181303e-02, 1.84580935475067420e+00,-3.29952306963684399e-04,-8.21187257128383266e+01
 3.17375371172534615e-01, 4.90000000000000000e+01,-9.92040038652791251e-02,-5.38193932973654579e-08,-1.40328015044930088e-01,-1.77068485190939051e+00,-2.10906610084970969e-01,-6.30307029057454102e-03,-4.87905441999193692e-03,-3.00400365122654278e-01,-2.14207915917820763e-02, 7.28925686463173461e-01,-6.83973994778736272e-02, 1.84458513688252390e+00,-3.28328436318778543e-04,-8.21162773580773120e+01
 3.17227728773419260e-01, 4.90500000000029104e+01,-9.92057959985119669e-02,-5.37424048646131778e-08,-1.40594602966673726e-01,-1.77057570595721558e+00,-2.09699890060801503e-01,-6.24630988530894271e-03,-4.84899096149615186e-03,-3.01121523339621389e-01,-2.14204130493451175e-02, 7.28956829669011985e-01,-6.83505030246664702e-02, 1.84336178264570916e+00,-3.26676646138148331e-04,-8.21137919918147787e+01
 3.17080202669862810e-01, 4.91000000000058208e+01,-9.92075686245074556e-02,-5.36660055295996183e-08,-1.40861532580863064e-01,-1.77046439459544369e+00,-2.08475936780654708e-01,-6.18935378721554175e-03,-4.81856213070833758e-03,-3.01844220126869123e-01,-2.14200290181185485e-02, 7.28988424135772251e-01,-6.83035764984986637e-02, 1.84213930784513713e+00,-3.24997536611165109e-04,-8.21112705882386251e+01
 3.16932793531304047e-01, 4.91500000000087311e+01,-9.92093222596225621e-02,-5.35901884411438703e-08,-1.41128791498078193e-01,-1.77035097941155639e+00,-2.07235264396754965e-01,-6.13222033749313486e-03,-4.78777995699264901e-03,-3.02568418260615979e-01,-2.14196396558989505e-02, 7.29020456868134548e-01,-6.82566220562616788e-02, 1.84091771861533449e+00,-3.23291753362222993e-04,-8.21087141833813803e+01
 3.16785502164260324e-01, 4.92000000000116415e+01,-9.92110573918798255e-02,-5.35149453482597656e-08,-1.41396367977055709e-01,-1.77023551904743837e+00,-2.05978362742706367e-01,-6.07492695288633453e-03,-4.75665589987577485e-03,-3.03294082373386953e-01,-2.14192451129381865e-02, 7.29052915491794407e-01,-6.82096418004796978e-02, 1.83969702222691600e+00,-3.21559909449472615e-04,-8.21061237637399728e+01
 3.16638330500341125e-01, 4.92500000000000000e+01,-9.92127744170325510e-02,-5.34402606313711435e-08,-1.41664252272665880e-01,-1.77011806417319328e+00,-2.04705656426598659e-01,-6.01748895854721088e-03,-4.72519992414609409e-03,-3.04021182825489567e-01,-2.14188455190945475e-02, 7.29085789310495835e-01,-6.81626379074959099e-02, 1.83847723527606766e+00,-3.19802525929326834e-04,-8.21035001819147112e+01
 3.16491279819749394e-01, 4.93000000000029104e+01,-9.92144737534724486e-02,-5.33661220360368335e-08,-1.41932434237318772e-01,-1.76999866652306714e+00,-2.03417578448197828e-01,-5.95992173782356350e-03,-4.69342216873428267e-03,-3.04749688737070867e-01,-2.14184410069353480e-02, 7.29119067405383237e-01,-6.81156123974999833e-02, 1.83725836896220840e+00,-3.18020138283356900e-04,-8.21008443082923378e+01
 3.16344351343154973e-01, 4.93500000000058208e+01,-9.92161558039642150e-02,-5.32925170982985451e-08,-1.42200904124360678e-01,-1.76987737588586946e+00,-2.02114545686013336e-01,-5.90224002730276032e-03,-4.66133239206773312e-03,-3.05479570306735171e-01,-2.14180317040429391e-02, 7.29152739267979300e-01,-6.80685672113053031e-02, 1.83604043399250849e+00,-3.16213260932810762e-04,-8.20981569805302769e+01
 3.16197546231523352e-01, 4.94000000000087311e+01,-9.92178209556502377e-02,-5.32194331447950916e-08,-1.42469652592664198e-01,-1.76975424010461846e+00,-2.00796958902803108e-01,-5.84445792608303486e-03,-4.62893997304381771e-03,-3.06210798811304308e-01,-2.14176177330142534e-02, 7.29186794800213867e-01,-6.80215042103960027e-02, 1.83482344058026992e+00,-3.14382387182835800e-04,-8.20954390035535511e+01
 3.16050865586158414e-01, 4.94500000000116415e+01,-9.92194695800531490e-02,-5.31468572929821486e-08,-1.42738670710804511e-01,-1.76962930507636051e+00,-1.99465202753916382e-01,-5.78658890504061239e-03,-4.59625391204863433e-03,-3.06943346604505174e-01,-2.14171992114609265e-02, 7.29221224314407057e-01,-6.79744251770422747e-02, 1.83360739844507692e+00,-3.12527989164545627e-04,-8.20926911495556340e+01
 3.15904310448744952e-01, 4.95000000000000000e+01,-9.92211020330780596e-02,-5.30747764513477315e-08,-1.43007949961211495e-01,-1.76950261475198212e+00,-1.98119645796456884e-01,-5.72864581600540396e-03,-4.56328283197257861e-03,-3.07677187115636241e-01,-2.14167762520094222e-02, 7.29256018533247063e-01,-6.79273318144150706e-02, 1.83239231681295101e+00,-3.10650517772368372e-04,-8.20899141579991607e+01
 3.15757884452116611e-01, 4.95500000000029104e+01,-9.92227189038935725e-02,-5.30032173714261853e-08,-1.43277473117491644e-01,-1.76937424641806551e+00,-1.96760927305815514e-01,-5.67064902109780302e-03,-4.53004146054088262e-03,-3.08412273410814342e-01,-2.14163490524878868e-02, 7.29291161170793734e-01,-6.78802275929147603e-02, 1.83117822639570482e+00,-3.08750821336552857e-04,-8.20871093277488768e+01
 3.15611587587465103e-01, 4.96000000000058208e+01,-9.92243204296929943e-02,-5.29321524723563695e-08,-1.43547235670760776e-01,-1.76924422774149637e+00,-1.95389282743124837e-01,-5.61260723541888266e-03,-4.49653538261605805e-03,-3.09148588610817565e-01,-2.14159176838734401e-02, 7.29326646376646015e-01,-6.78331134082948983e-02, 1.82996512771368391e+00,-3.06829162102735314e-04,-8.20842771248136671e+01
 3.15465420723519852e-01, 4.96500000000087311e+01,-9.92259069200672056e-02,-5.28615681257222963e-08,-1.43817230321895306e-01,-1.76911259691544753e+00,-1.94005032946266226e-01,-5.55453147263695966e-03,-4.46277210248068566e-03,-3.09886109326135306e-01,-2.14154822440427682e-02, 7.29362466087767114e-01,-6.77859907304872028e-02, 1.82875302856274580e+00,-3.04885928628079834e-04,-8.20814181918146915e+01
 3.15319384968140881e-01, 4.97000000000116415e+01,-9.92274786970452349e-02,-5.27914550088681658e-08,-1.44087449168790765e-01,-1.76897939416316152e+00,-1.92608514998736796e-01,-5.49643306918263554e-03,-4.42875948024864814e-03,-3.10624810823755038e-01,-2.14150428360527674e-02, 7.29398611815240128e-01,-6.77388611586885042e-02, 1.82754193872204351e+00,-3.02921535296236802e-04,-8.20785332053846162e+01
 3.15173481388923538e-01, 4.97500000000000000e+01,-9.92290360688576345e-02,-5.27218038828302609e-08,-1.44357884670526321e-01,-1.76884465801861990e+00,-1.91200051998434317e-01,-5.43832283315624516e-03,-4.39450504914101411e-03,-3.11364669286339435e-01,-2.14145995586336665e-02, 7.29435075426327573e-01,-6.76917262268001418e-02, 1.82633186763735722e+00,-3.00936378155610199e-04,-8.20756228137486374e+01
 3.15027711013028899e-01, 4.98000000000029104e+01,-9.92305793299402134e-02,-5.26526055923765067e-08,-1.44628529651285170e-01,-1.76870842532618555e+00,-1.89779953066091300e-01,-5.38021105200577575e-03,-4.36001601631466184e-03,-3.12105661812075441e-01,-2.14141525061884302e-02, 7.29471849144505025e-01,-6.76445874034596051e-02, 1.82512282441954876e+00,-2.98930834848630696e-04,-8.20726876367209286e+01
 3.14882074827438296e-01, 4.98500000000058208e+01,-9.92321087609332464e-02,-5.25838510662455849e-08,-1.44899377303468885e-01,-1.76857073124065733e+00,-1.88348513358580411e-01,-5.32210750030314046e-03,-4.32529926379277181e-03,-3.12847766412356787e-01,-2.14137017687935950e-02, 7.29508925549383513e-01,-6.75974460922096204e-02, 1.82391481784653320e+00,-2.96905264543753200e-04,-8.20697282657098697e+01
 3.14736576412814939e-01, 4.99000000000087311e+01,-9.92336246568236713e-02,-5.25155342231669059e-08,-1.45170418709630905e-01,-1.76843161889351652e+00,-1.86906092502532567e-01,-5.26402361892868570e-03,-4.29036311789088558e-03,-3.13590957421817584e-01,-2.14132474569026857e-02, 7.29546295544693857e-01,-6.75503046830604886e-02, 1.82270787821225833e+00,-2.94860123486235105e-04,-8.20667454259114777e+01
 3.14591228084391494e-01, 4.99500000000116415e+01,-9.92351273923608029e-02,-5.24476587456752686e-08,-1.45441637031956256e-01,-1.76829116193073199e+00,-1.85453297291959807e-01,-5.20597753117217447e-03,-4.25522146621521314e-03,-3.14335194806560470e-01,-2.14127897589403045e-02, 7.29583943621006648e-01,-6.75031690031746706e-02, 1.82150210827808001e+00,-2.92796235376603577e-04,-8.20637403544503172e+01
 3.14446024075133501e-01, 5.00000000000000000e+01,-9.92366171356754562e-02,-5.23802084951146830e-08,-1.45713032798233111e-01,-1.76814936609645912e+00,-1.83990183342865349e-01,-5.14797196856148220e-03,-4.21987575610261421e-03,-3.15080470885816921e-01,-2.14123286897919957e-02, 7.29621868543788632e-01,-6.74560376118465976e-02, 1.82029746080925170e+00,-2.90713613651959874e-04,-8.20607131490592536e+01
 3.14300966636377466e-01, 5.00500000000029104e+01,-9.92380941272260897e-02,-5.23131763081500732e-08,-1.45984599329155251e-01,-1.76800626501911018e+00,-1.82517032307192101e-01,-5.09001583094296703e-03,-4.18433252507335093e-03,-3.15826764845686780e-01,-2.14118643355979722e-02, 7.29660063217585697e-01,-6.74089122208032798e-02, 1.81909395508560778e+00,-2.88612606626434788e-04,-8.20576643753022950e+01
 3.14156058087122436e-01, 5.01000000000058208e+01,-9.92395585947780656e-02,-5.22465552245477048e-08,-1.46256330221003511e-01,-1.76786189103285696e+00,-1.81034115095374259e-01,-5.03211761478495820e-03,-4.14859805999783469e-03,-3.16574056595410436e-01,-2.14113967791834461e-02, 7.29698520819868635e-01,-6.73617945198672491e-02, 1.81789161095095464e+00,-2.86493548768979121e-04,-8.20545945769783884e+01
 3.14011300813860694e-01, 5.01500000000087311e+01,-9.92410107534023866e-02,-5.21803384871634656e-08,-1.46528219348700584e-01,-1.76771627517732388e+00,-1.79541691883660232e-01,-4.97428541898119539e-03,-4.11267839772091418e-03,-3.17322326767435159e-01,-2.14109261000580801e-02, 7.29737234801068446e-01,-6.73146861769611943e-02, 1.81669044881176922e+00,-2.84356760640798705e-04,-8.20515042761178961e+01
 3.13866697270620054e-01, 5.02000000000116415e+01,-9.92424508054718518e-02,-5.21145195420269867e-08,-1.46800260868456212e-01,-1.76756944719748099e+00,-1.78040012123963642e-01,-4.91652695068200193e-03,-4.07657932573654916e-03,-3.18071556716388870e-01,-2.14104523744161335e-02, 7.29776198884553029e-01,-6.72675888381805698e-02, 1.81549048963764359e+00,-2.82202548833599125e-04,-8.20483939729834617e+01
 3.13722249979005885e-01, 5.02500000000000000e+01,-9.92438789406574901e-02,-5.20490920384227326e-08,-1.47072449220398443e-01,-1.76742143554354492e+00,-1.76529314554138145e-01,-4.85884953106954873e-03,-4.04030638286230568e-03,-3.18821728518045133e-01,-2.14099756751366076e-02, 7.29815407066605304e-01,-6.72205041278661763e-02, 1.81429175496173345e+00,-2.80031205905768377e-04,-8.20452641460709486e+01
 3.13577949418669288e-01, 5.03000000000029104e+01,-9.92452957772002181e-02,-5.19840540715163829e-08,-1.47344773262422901e-01,-1.76727228901305056e+00,-1.75010002383192614e-01,-4.80126483079331388e-03,-4.00386880147455149e-03,-3.19572810415449160e-01,-2.14094961270821262e-02, 7.29854849068199862e-01,-6.71734308443955180e-02, 1.81309416637764254e+00,-2.77843270829844990e-04,-8.20421156151811317e+01
 3.13433791083461144e-01, 5.03500000000058208e+01,-9.92467017407967500e-02,-5.19194022056734158e-08,-1.47617224507758577e-01,-1.76712204626954938e+00,-1.73482396396560323e-01,-4.74378215584079447e-03,-3.96727394870998503e-03,-3.20324777327236632e-01,-2.14090138292109267e-02, 7.29894516741312116e-01,-6.71263689098478972e-02, 1.81189768707589272e+00,-2.75639163020860369e-04,-8.20389490300362496e+01
 3.13289783937543309e-01, 5.04000000000087311e+01,-9.92480967560444571e-02,-5.18551285128218749e-08,-1.47889801256511050e-01,-1.76697072072739858e+00,-1.71946612799946857e-01,-4.68640520610145040e-03,-3.93052458205816243e-03,-3.21077620999876134e-01,-2.14085288159597820e-02, 7.29934407244878791e-01,-6.70793213284432838e-02, 1.81070239204634920e+00,-2.73418999365706336e-04,-8.20357646167351362e+01
 3.13145928350696101e-01, 5.04500000000116415e+01,-9.92494810504817859e-02,-5.17912283031094268e-08,-1.48162497904643448e-01,-1.76681833998652960e+00,-1.70402882426164082e-01,-4.62914070025339901e-03,-3.89362603224637643e-03,-3.21831323487755616e-01,-2.14080411580060345e-02, 7.29974514757329884e-01,-6.70322890769950025e-02, 1.80950828495253613e+00,-2.71183068822834186e-04,-8.20325628393184871e+01
 3.13002224581456989e-01, 5.05000000000000000e+01,-9.92508548455461187e-02,-5.17276971526050203e-08,-1.48435309051341363e-01,-1.76666493067139996e+00,-1.68851427991629471e-01,-4.57199505543217158e-03,-3.85658344098174875e-03,-3.22585867350042910e-01,-2.14075509235283866e-02, 7.30014833662834040e-01,-6.69852730694100867e-02, 1.80831536853307262e+00,-2.68931650070569617e-04,-8.20293441454217884e+01
 3.12858672776953395e-01, 5.05500000000029104e+01,-9.92522183565806015e-02,-5.16645309032529150e-08,-1.48708229501345934e-01,-1.76651051843070572e+00,-1.67292464102319877e-01,-4.51497439152491031e-03,-3.81940176140825854e-03,-3.23341235650950687e-01,-2.14070581782063070e-02, 7.30055358551335964e-01,-6.69382741566906525e-02, 1.80712364460000519e+00,-2.66665011452691465e-04,-8.20261089662715506e+01
 3.12715272973153657e-01, 5.06000000000058208e+01,-9.92535717928374472e-02,-5.16017256630096821e-08,-1.48981254266482871e-01,-1.76635512793754201e+00,-1.65726197264535774e-01,-4.45808453558982267e-03,-3.78208575867181951e-03,-3.24097411957799730e-01,-2.14065629852208950e-02, 7.30096084218477381e-01,-6.68912931270722738e-02, 1.80593311404062473e+00,-2.64383410929199718e-04,-8.20228577166909929e+01
 3.12572025094699613e-01, 5.06500000000087311e+01,-9.92549153574845966e-02,-5.15392778057946269e-08,-1.49254378567975216e-01,-1.76619878288910992e+00,-1.64152825891320631e-01,-4.40133102606554780e-03,-3.74464001037523152e-03,-3.24854380341272952e-01,-2.14060654052543216e-02, 7.30137005665634331e-01,-6.68443307060246489e-02, 1.80474377681580678e+00,-2.62087096019045728e-04,-8.20195907950962066e+01
 3.12428912538480097e-01, 5.07000000000116415e+01,-9.92562497776364322e-02,-5.14771693087859032e-08,-1.49527592058832370e-01,-1.76604152728712682e+00,-1.62572712176526551e-01,-4.34472364169227656e-03,-3.70707276562996487e-03,-3.25612117040739057e-01,-2.14055655508656358e-02, 7.30178113628075498e-01,-6.67973835078249784e-02, 1.80355549564828799e+00,-2.59776559910557888e-04,-8.20163089405073009e+01
 3.12285940182342014e-01, 5.07500000000000000e+01,-9.92575750776284044e-02,-5.14154017014193475e-08,-1.49800892184474621e-01,-1.76588337616880464e+00,-1.60985984056219250e-01,-4.28826588839895020e-03,-3.66938700626236961e-03,-3.26370609766503394e-01,-2.14050634605960494e-02, 7.30219404928608595e-01,-6.67504534090713059e-02, 1.80236831160176325e+00,-2.57451949147582428e-04,-8.20130124059712671e+01
 3.12143108062114594e-01, 5.08000000000029104e+01,-9.92588914283541179e-02,-5.13539725537103433e-08,-1.50074274946110031e-01,-1.76572434972701653e+00,-1.59392810956750036e-01,-4.23196231074403437e-03,-3.63158664138640581e-03,-3.27129844327132158e-01,-2.14045591861567498e-02, 7.30260875307104040e-01,-6.67035410571060888e-02, 1.80118222553762242e+00,-2.55113473270755656e-04,-8.20097015310042110e+01
 3.12000413716918390e-01, 5.08500000000058208e+01,-9.92601990717149330e-02,-5.12928775711788855e-08,-1.50347735719401909e-01,-1.76556447027097230e+00,-1.57793379205586809e-01,-4.17581783409243148e-03,-3.59367595461068711e-03,-3.27889805821152847e-01,-2.14040527846620608e-02, 7.30302520059286309e-01,-6.66566464484895649e-02, 1.79999721758085340e+00,-2.52761368482680025e-04,-8.20063766905971221e+01
 3.11857854434622050e-01, 5.09000000000087311e+01,-9.92614982481530295e-02,-5.12321126005644594e-08,-1.50621270045802919e-01,-1.76540375931506732e+00,-1.56187868520509532e-01,-4.11983714698452037e-03,-3.55565907630391335e-03,-3.28650479777746640e-01,-2.14035443111908405e-02, 7.30344334648476590e-01,-6.66097694828040321e-02, 1.79881326576330824e+00,-2.50395862600927201e-04,-8.20030382463769172e+01
 3.11715427251883892e-01, 5.09500000000116415e+01,-9.92627891966630510e-02,-5.11716736298729182e-08,-1.50894873634071669e-01,-1.76524223757883414e+00,-1.54576452017215149e-01,-4.06402470459610397e-03,-3.51753998401049990e-03,-3.29411852156008267e-01,-2.14030338187866168e-02, 7.30386314705574691e-01,-6.65629099627247645e-02, 1.79763034602355409e+00,-2.48017175011521613e-04,-8.19996865466072791e+01
 3.11573128954193479e-01, 5.10000000000000000e+01,-9.92640721548040394e-02,-5.11115567884217799e-08,-1.51168542361781649e-01,-1.76507992498690403e+00,-1.52959296217211715e-01,-4.00838473216767743e-03,-3.47932250286838839e-03,-3.30173909344200822e-01,-2.14025213584577365e-02, 7.30428456029037276e-01,-6.65160675940916768e-02, 1.79644843220673001e+00,-2.45625516621677425e-04,-8.19963219261897507e+01
 3.11430965149678829e-01, 5.10500000000029104e+01,-9.92653471903580248e-02,-5.10517549354072832e-08,-1.51442271639698811e-01,-1.76491684343400856e+00,-1.51336583333903651e-01,-3.95292180213273423e-03,-3.44101080530236992e-03,-3.30936637759090879e-01,-2.14020069862403510e-02, 7.30470754004068579e-01,-6.64692446667409231e-02, 1.79526757143623028e+00,-2.43221123447119098e-04,-8.19929447530364541e+01
 3.11288980567872187e-01, 5.11000000000058208e+01,-9.92666136384617731e-02,-5.09922462697975729e-08,-1.51716054276788248e-01,-1.76475302601906137e+00,-1.49708585623484380e-01,-3.89764273721679476e-03,-3.40261107648886368e-03,-3.31700022508461423e-01,-2.14014907867847715e-02, 7.30513201663131939e-01,-6.64224550048378021e-02, 1.79408813582560134e+00,-2.40804369228499101e-04,-8.19895555829292846e+01
 3.11147143498921697e-01, 5.11500000000087311e+01,-9.92678722460183932e-02,-5.09330377755458997e-08,-1.51989888604255580e-01,-1.76458848182784478e+00,-1.48075381666107952e-01,-3.84254931349573567e-03,-3.36412515658196130e-03,-3.32464052496315055e-01,-2.14009727833980347e-02, 7.30555797083262792e-01,-6.63756898260287470e-02, 1.79290986254928475e+00,-2.38375336821122324e-04,-8.19861545688933688e+01
 3.11005455471430381e-01, 5.12000000000116415e+01,-9.92691231372915539e-02,-5.08741239873359998e-08,-1.52263770776717433e-01,-1.76442322935666063e+00,-1.46437125716375294e-01,-3.78764521063014534e-03,-3.32555657815729452e-03,-3.33228715573679946e-01,-2.14004530234215076e-02, 7.30598536365267281e-01,-6.63289501457426656e-02, 1.79173276486479827e+00,-2.35934224508324781e-04,-8.19827420217542624e+01
 3.10863918198578115e-01, 5.12500000000000000e+01,-9.92703664268463487e-02,-5.08154994176901102e-08,-1.52537697092401670e-01,-1.76425728643942192e+00,-1.44793966525197243e-01,-3.73293391731366331e-03,-3.28690874663401097e-03,-3.33993999999831204e-01,-2.13999315525006013e-02, 7.30641415749592849e-01,-6.62822370111801479e-02, 1.79055685756380689e+00,-2.33481223571138636e-04,-8.19793182412023782e+01
 3.10722533577956761e-01, 5.13000000000029104e+01,-9.92716022195418851e-02,-5.07571585569442400e-08,-1.52811663994801783e-01,-1.76409067024738553e+00,-1.43146047344415051e-01,-3.67841873400455953e-03,-3.24818494056736086e-03,-3.34759894442730521e-01,-2.13994084145841326e-02, 7.30684431616370311e-01,-6.62355515012780505e-02, 1.78938215697110659e+00,-2.31016518243019772e-04,-8.19758835157890360e+01
 3.10581303691817523e-01, 5.13500000000058208e+01,-9.92728306105201963e-02,-5.06990958733933505e-08,-1.53085668073527720e-01,-1.76392339728937264e+00,-1.41493505936330116e-01,-3.62410277578962886e-03,-3.20938831205362738e-03,-3.35526387977234386e-01,-2.13988836519252677e-02, 7.30727580485329042e-01,-6.61888947268100825e-02, 1.78820868094702790e+00,-2.28540285671075260e-04,-8.19724381229325019e+01
 3.10440230806906026e-01, 5.14000000000087311e+01,-9.92740516851989413e-02,-5.06413058132651694e-08,-1.53359706065946899e-01,-1.76375548341149280e+00,-1.39836474578474479e-01,-3.56998897505965375e-03,-3.17052188702021632e-03,-3.36293470085528623e-01,-2.13983573050808770e-02, 7.30770859015841268e-01,-6.61422678303512368e-02, 1.78703644888640678e+00,-2.26052695869379070e-04,-8.19689823289138815e+01
 3.10299327877767928e-01, 5.14500000000116415e+01,-9.92752653441047600e-02,-5.05837875671720900e-08,-1.53633773601120183e-01,-1.76358694938375793e+00,-1.38175124946656902e-01,-3.51608121157369813e-03,-3.13158956937921451e-03,-3.37061126979223691e-01,-2.13978294271727071e-02, 7.30814262834326267e-01,-6.60956751604873383e-02, 1.78586556900186344e+00,-2.23553981069273135e-04,-8.19655164825103526e+01
 3.10158608529868374e-01, 5.15000000000000000e+01,-9.92764714695014844e-02,-5.05265405237157054e-08,-1.53907866393023313e-01,-1.76341781557263033e+00,-1.36509625269898877e-01,-3.46238322447920722e-03,-3.09259518180893863e-03,-3.37829345108745460e-01,-2.13973000702869648e-02, 7.30857787652565372e-01,-6.60491212438464315e-02, 1.78469615510131052e+00,-2.21044369798139179e-04,-8.19620409257002933e+01
 3.10018072427874603e-01, 5.15500000000029104e+01,-9.92776701696432007e-02,-5.04695576301284318e-08,-1.54181981998313428e-01,-1.76324809415792094e+00,-1.34840077855134299e-01,-3.40889705439084137e-03,-3.05354106909496359e-03,-3.38598116284804351e-01,-2.13967692656072406e-02, 7.30901430901180538e-01,-6.60026063637797616e-02, 1.78352820498643294e+00,-2.18523989970767154e-04,-8.19585558632233244e+01
 3.09877727430261207e-01, 5.16000000000058208e+01,-9.92788614093492727e-02,-5.04128354461582796e-08,-1.54456117165674478e-01,-1.76307780091680910e+00,-1.33166613758915642e-01,-3.35562542561546355e-03,-3.01443021608660067e-03,-3.39367429919440911e-01,-2.13962370534960811e-02, 7.30945189256230865e-01,-6.59561332557830338e-02, 1.78236178455686844e+00,-2.15993015190161483e-04,-8.19550615600846157e+01
 3.09737582088567109e-01, 5.16500000000087311e+01,-9.92800451349830915e-02,-5.03563707400906403e-08,-1.54730268733697024e-01,-1.76290695123414953e+00,-1.31489360732752469e-01,-3.30257094001655755e-03,-2.97526553061357559e-03,-3.40137275653369930e-01,-2.13957034733102576e-02, 7.30989059476634839e-01,-6.59097048405286740e-02, 1.78119696548308815e+00,-2.13451615214467857e-04,-8.19515582746858797e+01
 3.09597632528769706e-01, 5.17000000000116415e+01,-9.92812215583943752e-02,-5.03001640478272387e-08,-1.55004433420081800e-01,-1.76273556062274794e+00,-1.29808447400400290e-01,-3.24973618193529672e-03,-2.93604993692189687e-03,-3.40907643323086207e-01,-2.13951685647291029e-02, 7.31033038294957693e-01,-6.58633204881419743e-02, 1.78003371616394968e+00,-2.10899962336005034e-04,-8.19480462675464878e+01
 3.09457840822507935e-01, 5.17500000000000000e+01,-9.92823916259185230e-02,-5.02442255400634347e-08,-1.55278607471463354e-01,-1.76256364558130940e+00,-1.28124010134716720e-01,-3.19712388772236920e-03,-2.89678652926482570e-03,-3.41678522906891546e-01,-2.13946323699446550e-02, 7.31077122237344335e-01,-6.58169698603148362e-02, 1.77887172191136322e+00,-2.08338241971623182e-04,-8.19445258156834910e+01
 3.09318232641604574e-01, 5.18000000000029104e+01,-9.92835549042338644e-02,-5.01885485287144933e-08,-1.55552788240634676e-01,-1.76239121972109558e+00,-1.26436161996043461e-01,-3.14473617981833597e-03,-2.85747787813428293e-03,-3.42449904767852642e-01,-2.13940949237736953e-02, 7.31121308436477046e-01,-6.57706607183191905e-02, 1.77771119667719413e+00,-2.05766604924899338e-04,-8.19409971476906378e+01
 3.09178806982696286e-01, 5.18500000000058208e+01,-9.92847115340753233e-02,-5.01331339591029987e-08,-1.55826972731462704e-01,-1.76221829734653368e+00,-1.24745021461412281e-01,-3.09257527979919268e-03,-2.81812667226186359e-03,-3.43221779427982543e-01,-2.13935562627988393e-02, 7.31165593880008235e-01,-6.57243932153447341e-02, 1.77655213269250800e+00,-2.03185211422729300e-04,-8.19374605037555028e+01
 3.09039562228829778e-01, 5.19000000000087311e+01,-9.92858616663650079e-02,-5.00779833390621517e-08,-1.56101158019810921e-01,-1.76204489242137607e+00,-1.23050704132848493e-01,-3.04064330411244919e-03,-2.77873553343249311e-03,-3.43994137633685526e-01,-2.13930164227292240e-02, 7.31209975627557518e-01,-6.56781673182776776e-02, 1.77539451708288998e+00,-2.00594218375157432e-04,-8.19339161183307993e+01
 3.08900496097512745e-01, 5.19500000000116415e+01,-9.92870054630817095e-02,-5.00230982726433907e-08,-1.56375341250498484e-01,-1.76187101853732919e+00,-1.21353322490504220e-01,-2.98894225946025978e-03,-2.73930701107064989e-03,-3.44766970322585020e-01,-2.13924754383207349e-02, 7.31254450817266588e-01,-6.56319827919626814e-02, 1.77423833143536114e+00,-1.97993778936430778e-04,-8.19303642196104533e+01
 3.08761602083444719e-01, 5.20000000000000000e+01,-9.92881431548396087e-02,-4.99684485494942992e-08,-1.56649519383260105e-01,-1.76169668676753188e+00,-1.19652968748399688e-01,-2.93747362776034708e-03,-2.69984319973534150e-03,-3.45540266377407423e-01,-2.13919333379080055e-02, 7.31299017115316419e-01,-6.55858381174007354e-02, 1.77308352222015908e+00,-1.95384014159644917e-04,-8.19268049936290055e+01
 3.08622877922088534e-01, 5.20500000000029104e+01,-9.92892749040923811e-02,-4.99140480703769714e-08,-1.56923689798544541e-01,-1.76152191077336306e+00,-1.17949755671826875e-01,-2.88623936264910440e-03,-2.66034665038877415e-03,-3.46314017968700760e-01,-2.13913901564139960e-02, 7.31343671646393023e-01,-6.55397330660181382e-02, 1.77193007115639234e+00,-1.92765080318280904e-04,-8.19232386696773318e+01
 3.08484318842732419e-01, 5.21000000000058208e+01,-9.92904009142067251e-02,-4.98598943194594856e-08,-1.57197849815986890e-01,-1.76134670273346705e+00,-1.16243784041327583e-01,-2.83524109643601288e-03,-2.62081964409706120e-03,-3.47088216294878682e-01,-2.13908459249793417e-02, 7.31388411846269570e-01,-6.54936666475790102e-02, 1.77077793911767190e+00,-1.90137115201922816e-04,-8.19196654522130530e+01
 3.08345919386490253e-01, 5.21500000000087311e+01,-9.92915214001189317e-02,-4.98059846748870972e-08,-1.57471996825137489e-01,-1.76117107444057241e+00,-1.14535151425299700e-01,-2.78448035601701078e-03,-2.58126438800494133e-03,-3.47862852730312533e-01,-2.13903006737565515e-02, 7.31433235232086254e-01,-6.54476376632301682e-02, 1.76962708124527968e+00,-1.87500252548725887e-04,-8.19160855392061507e+01
 3.08207673406342086e-01, 5.22000000000116415e+01,-9.92926365883675388e-02,-4.97523164088348607e-08,-1.57746128286046644e-01,-1.76099503730150575e+00,-1.12823952184802456e-01,-2.73395856444068200e-03,-2.54168301554321806e-03,-3.48637918824844517e-01,-2.13897544319101851e-02, 7.31478139402329308e-01,-6.54016447055839056e-02, 1.76847744694734588e+00,-1.84854622017905881e-04,-8.19124991221400620e+01
 3.08069622449721026e-01, 5.22500000000000000e+01,-9.92937456900149645e-02,-4.96988704575109288e-08,-1.58020241796022920e-01,-1.76081860335804286e+00,-1.11110285645178081e-01,-2.68367723752981069e-03,-2.50207776855446021e-03,-3.49413406670556648e-01,-2.13892072302252038e-02, 7.31523121822410749e-01,-6.53557000178797282e-02, 1.76732938226794456e+00,-1.82200361694312180e-04,-8.19089064031371947e+01
 3.07931762666062314e-01, 5.23000000000029104e+01,-9.92948488755070330e-02,-4.96456426507384467e-08,-1.58294334963520827e-01,-1.76064178332256871e+00,-1.09394240377216762e-01,-2.63363760797769584e-03,-2.46245064711317092e-03,-3.50189308195951954e-01,-2.13886590960880515e-02, 7.31568180237247678e-01,-6.53098028257262098e-02, 1.76618285574504630e+00,-1.79537594004268745e-04,-8.19053075620065130e+01
 3.07794088218525996e-01, 5.23500000000058208e+01,-9.92959463544344362e-02,-4.95926291481263924e-08,-1.58568405467576001e-01,-1.76046458749413959e+00,-1.07675901538537067e-01,-2.58384080383168352e-03,-2.42280357327861193e-03,-3.50965615493983085e-01,-2.13881100558274903e-02, 7.31613312478819333e-01,-6.52639517743760778e-02, 1.76503781938789150e+00,-1.76866436878939543e-04,-8.19017027716127757e+01
 3.07656603727089417e-01, 5.24000000000087311e+01,-9.92970381111148437e-02,-4.95398222652907936e-08,-1.58842451075723340e-01,-1.76028702602088027e+00,-1.05955352975615397e-01,-2.53428789969951810e-03,-2.38313843798572574e-03,-3.51742320916834383e-01,-2.13875601353850711e-02, 7.31658516411053395e-01,-6.52181484926356303e-02, 1.76389431216935177e+00,-1.74187006959007390e-04,-8.18980922022782920e+01
 3.07519314456951021e-01, 5.24500000000116415e+01,-9.92981241127584152e-02,-4.94872137654027047e-08,-1.59116469631217783e-01,-1.76010910869295589e+00,-1.04232675571468481e-01,-2.48497987845409420e-03,-2.34345706431937249e-03,-3.52519417001101842e-01,-2.13870093597862410e-02, 7.31703789973294882e-01,-6.51723947821800237e-02, 1.76275237843326682e+00,-1.71499417030897695e-04,-8.18944760183107405e+01
 3.07382215796872915e-01, 5.25000000000000000e+01,-9.92992045440028864e-02,-4.94348126296871569e-08,-1.59390458948552055e-01,-1.75993084596311156e+00,-1.02507955390453806e-01,-2.43591782418048396e-03,-2.30376138886277324e-03,-3.53296896693358453e-01,-2.13864577557443571e-02, 7.31749130966258710e-01,-6.51266896419274294e-02, 1.76161198037355571e+00,-1.68803788976040861e-04,-8.18908543950998933e+01
 3.07245299953899764e-01, 5.25500000000029104e+01,-9.93002796580699926e-02,-4.93826337477453053e-08,-1.59664416880799465e-01,-1.75975224829711019e+00,-1.00781278489051815e-01,-2.38710279873300497e-03,-2.26405334611059789e-03,-3.54074753207761272e-01,-2.13859053500030649e-02, 7.31794537188292016e-01,-6.50810311619421378e-02, 1.76047305370719864e+00,-1.66100245544394576e-04,-8.18872275082343890e+01
 3.07108570874986608e-01, 5.26000000000058208e+01,-9.93013494439806549e-02,-4.93306727173834785e-08,-1.59938341468726875e-01,-1.75957332472683925e+00,-9.90527193828990016e-02,-2.33853557223886229e-03,-2.22433461194069355e-03,-3.54852979703218330e-01,-2.13853521656450322e-02, 7.31840006738778248e-01,-6.50354207432137926e-02, 1.75933563180141350e+00,-1.63388891918685815e-04,-8.18835955092662715e+01
 3.06972026017798605e-01, 5.26500000000087311e+01,-9.93024140326481813e-02,-4.92789361621597728e-08,-1.60212230759709529e-01,-1.75939408458796986e+00,-9.73223549116534192e-02,-2.29021695070551938e-03,-2.18460691226303634e-03,-3.55631569670301240e-01,-2.13847982265254651e-02, 7.31885537653709339e-01,-6.49898579413548672e-02, 1.75819969403984500e+00,-1.60669837774218057e-04,-8.18799585548197797e+01
 3.06835645661722833e-01, 5.27000000000116415e+01,-9.93034739181117010e-02,-4.92274274978999244e-08,-1.60486082687564591e-01,-1.75921453648988169e+00,-9.55902560377544369e-02,-2.24214758466252705e-03,-2.14487184059213888e-03,-3.56410516765205687e-01,-2.13842435546467251e-02, 7.31931128121473651e-01,-6.49443373824213216e-02, 1.75706507688214297e+00,-1.57943183898871922e-04,-8.18763167893541493e+01
 3.06699419607235735e-01, 5.27500000000000000e+01,-9.93045293912291904e-02,-4.91761551702240254e-08,-1.60759895361603566e-01,-1.75903468914014027e+00,-9.38564944077793228e-02,-2.19432812360971074e-03,-2.10513100411098032e-03,-3.57189814888397295e-01,-2.13836881722576540e-02, 7.31976776310305222e-01,-6.48988564160369735e-02, 1.75593169597370391e+00,-1.55209033101044865e-04,-8.18726703589467633e+01
 3.06563356955076527e-01, 5.28000000000029104e+01,-9.93055803252147068e-02,-4.91251040742871965e-08,-1.61033666909782103e-01,-1.75885455092549470e+00,-9.21211390222674426e-02,-2.14675913892550200e-03,-2.06538594962342881e-03,-3.57969457854195483e-01,-2.13831321007867357e-02, 7.32022480455962965e-01,-6.48534178954910528e-02, 1.75479962752898278e+00,-1.52467484633658741e-04,-8.18690194042889914e+01
 3.06427485167145852e-01, 5.28500000000058208e+01,-9.93066261957731150e-02,-4.90742408174273693e-08,-1.61307395514807411e-01,-1.75867413000972617e+00,-9.03842570173426230e-02,-2.09944114299812860e-03,-2.02563818100456004e-03,-3.58749439449762508e-01,-2.13825753610914875e-02, 7.32068238841233954e-01,-6.48080299110404406e-02, 1.75366910055072389e+00,-1.49718635474558925e-04,-8.18653640623233372e+01
 3.06291809151841454e-01, 5.29000000000087311e+01,-9.93076669608874557e-02,-4.90235522899958831e-08,-1.61581079389504195e-01,-1.75849343428256888e+00,-8.86459132618878098e-02,-2.05237458077849088e-03,-1.98588915030261130e-03,-3.59529753843984334e-01,-2.13820179733284106e-02, 7.32114049806615097e-01,-6.47626941010387980e-02, 1.75254015640775340e+00,-1.46962579621024347e-04,-8.18617044653897779e+01
 3.06156324144223890e-01, 5.29500000000116415e+01,-9.93087027923213045e-02,-4.89730506518207916e-08,-1.61854716817608213e-01,-1.75831247228163190e+00,-8.69061776832833338e-02,-2.00555999844595446e-03,-1.94614042052199750e-03,-3.60310395032980124e-01,-2.13814599593020321e-02, 7.32159911557251131e-01,-6.47174093599669764e-02, 1.75141275597719570e+00,-1.44199420138754671e-04,-8.18580407566486201e+01
 3.06021046249181028e-01, 5.30000000000000000e+01,-9.93097334049782982e-02,-4.89227157284195678e-08,-1.62128306118531185e-01,-1.75813125170687923e+00,-8.51651134634175827e-02,-1.95899777235655510e-03,-1.90639340337223485e-03,-3.61091357251199674e-01,-2.13809013386797343e-02, 7.32205822474031542e-01,-6.46721805172411346e-02, 1.75028703379989103e+00,-1.41429249748522011e-04,-8.18543730652284154e+01
 3.05885956622180544e-01, 5.30500000000029104e+01,-9.93107592648777848e-02,-4.88725707884356833e-08,-1.62401845632853509e-01,-1.75794978003727742e+00,-8.34227819448391528e-02,-1.91268822317778578e-03,-1.86664946836829116e-03,-3.61872634931591608e-01,-2.13803421305632617e-02, 7.32251780984424006e-01,-6.46270024137065441e-02, 1.74916283358443825e+00,-1.38652158825407782e-04,-8.18507015165439782e+01
 3.05751028542143422e-01, 5.31000000000058208e+01,-9.93117810067933038e-02,-4.88226493519703042e-08,-1.62675333741389205e-01,-1.75776806453344436e+00,-8.16792426546248257e-02,-1.86663161722847959e-03,-1.82690994341674928e-03,-3.62654222639664792e-01,-2.13797823534955453e-02, 7.32297785561911496e-01,-6.45818676352304527e-02, 1.74803993346025499e+00,-1.35868235437424772e-04,-8.18470262323411362e+01
 3.05616254446179125e-01, 5.31500000000087311e+01,-9.93127988520255550e-02,-4.87729614558238589e-08,-1.62948768885304934e-01,-1.75758611234024253e+00,-7.99345541204895399e-02,-1.82082818569104070e-03,-1.78717613297666887e-03,-3.63436114987473802e-01,-2.13792220257219868e-02, 7.32343834704513474e-01,-6.45367742360047625e-02, 1.74691827096733587e+00,-1.33077566681471821e-04,-8.18433473324123497e+01
 3.05481657607435841e-01, 5.32000000000116415e+01,-9.93138123500896530e-02,-4.87234637711907662e-08,-1.63222149532639305e-01,-1.75740392987564209e+00,-7.81887690283823295e-02,-1.77527801590217707e-03,-1.74744921065377707e-03,-3.64218306801418756e-01,-2.13786611636341030e-02, 7.32389927062689461e-01,-6.44917290531614035e-02, 1.74579804028276309e+00,-1.30280230603746228e-04,-8.18396649243781269e+01
 3.05347225546852341e-01, 5.32500000000000000e+01,-9.93148218228233487e-02,-4.86741680611552331e-08,-1.63495474200642116e-01,-1.75722152366338569e+00,-7.64419408295418101e-02,-1.72998120201667987e-03,-1.70773036591143263e-03,-3.65000792994743473e-01,-2.13780997838902420e-02, 7.32436061265050897e-01,-6.44467287175669173e-02, 1.74467913803344365e+00,-1.27476307162756992e-04,-8.18359791176107478e+01
 3.05212985752817911e-01, 5.33000000000029104e+01,-9.93158267329589256e-02,-4.86250471906467665e-08,-1.63768741439226873e-01,-1.75703890071265523e+00,-7.46941267498204969e-02,-1.68493791222970200e-03,-1.66802087077425358e-03,-3.65783568601285081e-01,-2.13775379043835909e-02, 7.32482235838806006e-01,-6.44017812858495575e-02, 1.74356179350334384e+00,-1.24665883143600391e-04,-8.18322900295902258e+01
 3.05078964727919677e-01, 5.33500000000058208e+01,-9.93168265604469913e-02,-4.85760720438580168e-08,-1.64041949841435747e-01,-1.75685606767864888e+00,-7.29453811327464702e-02,-1.64014823892331897e-03,-1.62832193215836293e-03,-3.66566628790044979e-01,-2.13769755421032125e-02, 7.32528449385550395e-01,-6.43568945206645510e-02, 1.74244622780280456e+00,-1.21849041180562695e-04,-8.18285977718602737e+01
 3.04945173738065345e-01, 5.34000000000087311e+01,-9.93178211126998500e-02,-4.85272312314218081e-08,-1.64315098014804678e-01,-1.75667303108896222e+00,-7.11957572366295338e-02,-1.59561223977560600e-03,-1.58863473177978652e-03,-3.67349968830813056e-01,-2.13764127137107893e-02, 7.32574700533861312e-01,-6.43120718293688498e-02, 1.74133253523797493e+00,-1.19025862703284007e-04,-8.18249024538151701e+01
 3.04811585943489227e-01, 5.34500000000116415e+01,-9.93188110265801338e-02,-4.84785685088673000e-08,-1.64588184515781194e-01,-1.75648979808666161e+00,-6.94453131185956696e-02,-1.55133006883591924e-03,-1.54896055656907755e-03,-3.68133584010541193e-01,-2.13758494374338692e-02, 7.32620987783722533e-01,-6.42673057593676211e-02, 1.74022049291182435e+00,-1.16196437679350740e-04,-8.18212041951301075e+01
 3.04678215586786150e-01, 5.35000000000000000e+01,-9.93197960460749790e-02,-4.84300751258160224e-08,-1.64861208006668314e-01,-1.75630637529262446e+00,-6.76941026234940402e-02,-1.50730177560231150e-03,-1.50930059892056775e-03,-3.68917469818950849e-01,-2.13752857301673753e-02, 7.32667309744710060e-01,-6.42226005702927899e-02, 1.73911021989740333e+00,-1.13360849695569234e-04,-8.18175031067307401e+01
 3.04545022509265850e-01, 5.35500000000029104e+01,-9.93207770819728719e-02,-4.83817863385135946e-08,-1.65134167082806982e-01,-1.75612276805838485e+00,-6.59421694814675968e-02,-1.46352717633860415e-03,-1.46965582607033176e-03,-3.69701621342457376e-01,-2.13747216055705617e-02, 7.32713665292364369e-01,-6.41779449550969050e-02, 1.73800138238108359e+00,-1.10519166041505147e-04,-8.18137992782985606e+01
 3.04411978626823232e-01, 5.36000000000058208e+01,-9.93217547898636033e-02,-4.83337350375569440e-08,-1.65407060388592236e-01,-1.75593898230799894e+00,-6.41895618891301090e-02,-1.42000617830971326e-03,-1.43002730324315948e-03,-3.70486033957538485e-01,-2.13741570787592157e-02, 7.32760053182605620e-01,-6.41333310722801558e-02, 1.73689374702502053e+00,-1.07671461965054636e-04,-8.18100928090781139e+01
 3.04279076728084408e-01, 5.36500000000087311e+01,-9.93227293695173041e-02,-4.82859189373621753e-08,-1.65679886635935719e-01,-1.75575502345278833e+00,-6.24363239236439271e-02,-1.37673859009262685e-03,-1.39041600345788090e-03,-3.71270703178479988e-01,-2.13735921635411392e-02, 7.32806472278903831e-01,-6.40887570234158627e-02, 1.73578725423757141e+00,-1.04817806358989708e-04,-8.18063837897261976e+01
 3.04146353434270933e-01, 5.37000000000116415e+01,-9.93237000633744455e-02,-4.82382650635723506e-08,-1.65952644646485431e-01,-1.75557089608968586e+00,-6.06824931665863251e-02,-1.33372407112261051e-03,-1.35082275504409409e-03,-3.72055624727269552e-01,-2.13730268716480418e-02, 7.32852921615384956e-01,-6.40442333948899739e-02, 1.73468220937023498e+00,-1.01958257747974970e-04,-8.18026722972687281e+01
 3.04013795629475503e-01, 5.37500000000000000e+01,-9.93246671928168789e-02,-4.81907691008906903e-08,-1.66225333182199148e-01,-1.75538660495700816e+00,-5.89281082633654613e-02,-1.29096229868422003e-03,-1.31124840909047232e-03,-3.72840794194869374e-01,-2.13724612151698738e-02, 7.32899400196793671e-01,-6.39997565816645825e-02, 1.73357850368563882e+00,-9.90928768866033337e-05,-8.17989584110838024e+01
 3.03881448492297868e-01, 5.38000000000029104e+01,-9.93256298209402033e-02,-4.81433947225818800e-08,-1.66497951181750176e-01,-1.75520215555627779e+00,-5.71732138328271897e-02,-1.24845307424000115e-03,-1.27169394802705482e-03,-3.73626207775617225e-01,-2.13718952081392299e-02, 7.32945906868316732e-01,-6.39553396365248467e-02, 1.73247651382711410e+00,-9.62217349617427775e-05,-8.17952422233041005e+01
 3.03749337035341405e-01, 5.38500000000058208e+01,-9.93265874444036606e-02,-4.80961210361124406e-08,-1.66770497594559947e-01,-1.75501755308243212e+00,-5.54178520116936080e-02,-1.20619613841009706e-03,-1.23216029846007170e-03,-3.74411861719355310e-01,-2.13713288638060356e-02, 7.32992440539515844e-01,-6.39109898460776954e-02, 1.73137644856622930e+00,-9.33448994797901496e-05,-8.17915238209236151e+01
 3.03617410079262073e-01, 5.39000000000087311e+01,-9.93275412168058841e-02,-4.80490188878936857e-08,-1.67042971341161500e-01,-1.75483280303709566e+00,-5.36620672977350388e-02,-1.16419127642032150e-03,-1.19264843833043611e-03,-3.75197752453246935e-01,-2.13707621961996483e-02, 7.33039000055976442e-01,-6.38666927652411925e-02, 1.73027788223263812e+00,-9.04624423571030305e-05,-8.17878032960537809e+01
 3.03485649409529490e-01, 5.39500000000116415e+01,-9.93284915727905837e-02,-4.80021366822358241e-08,-1.67315371358571136e-01,-1.75464791040787893e+00,-5.19059000720029848e-02,-1.12243817798292193e-03,-1.15315925364864393e-03,-3.75983876386213223e-01,-2.13701952180384777e-02, 7.33085584371063637e-01,-6.38224433414717462e-02, 1.72918066360998135e+00,-8.75744290637522319e-05,-8.17840807321988450e+01
 3.03354064951085634e-01, 5.40000000000000000e+01,-9.93294383310457940e-02,-4.79554753829915562e-08,-1.67587696528439134e-01,-1.75446287962584391e+00,-5.01493862704955468e-02,-1.08093643169301121e-03,-1.11369353134559883e-03,-3.76770229690138070e-01,-2.13696279406217771e-02, 7.33132192554801887e-01,-6.37782445344218518e-02, 1.72808487579849657e+00,-8.46809180293149431e-05,-8.17803562035454945e+01
 3.03222720317130545e-01, 5.40500000000029104e+01,-9.93303801460833635e-02,-4.79089290763986888e-08,-1.67859945783770032e-01,-1.75427771559783663e+00,-4.83925655287556766e-02,-1.03968570076189647e-03,-1.07425213935881739e-03,-3.77556808551727852e-01,-2.13690603764590120e-02, 7.33178823577843142e-01,-6.37341146331518171e-02, 1.72699104902561218e+00,-8.17819743037942411e-05,-8.17766297922260463e+01
 3.03091598348662450e-01, 5.41000000000058208e+01,-9.93313174310534730e-02,-4.78624845564421324e-08,-1.68132118082969489e-01,-1.75409242360740092e+00,-4.66354803949597940e-02,-9.98685705080272186e-04,-1.03483600915534654e-03,-3.78343609276874604e-01,-2.13684925390174828e-02, 7.33225476332204695e-01,-6.36900488928145575e-02, 1.72589904088850665e+00,-7.88776682577373514e-05,-8.17729015866617743e+01
 3.02960618882361532e-01, 5.41500000000087311e+01,-9.93322519638701884e-02,-4.78162417087053501e-08,-1.68404212379290846e-01,-1.75390700805351218e+00,-4.48781663897315775e-02,-9.57936009022518462e-04,-9.95445916110354210e-04,-3.79130628204735975e-01,-2.13679244395100117e-02, 7.33272149895192626e-01,-6.36460245712537342e-02, 1.72480818422545856e+00,-7.59680588471196838e-05,-8.17691716604717698e+01
 3.02829795775673982e-01, 5.42000000000116415e+01,-9.93331834709669376e-02,-4.77702208875617939e-08,-1.68676227665378681e-01,-1.75372147256705557e+00,-4.31206529358308943e-02,-9.17436043520652783e-04,-9.56082500217444965e-04,-3.79917861720438399e-01,-2.13673560871918862e-02, 7.33318843504989992e-01,-6.36020457256469968e-02, 1.72371859487183099e+00,-7.30531951197417817e-05,-8.17654400744227985e+01
 3.02699215166944424e-01, 5.42500000000000000e+01,-9.93341101090499806e-02,-4.77243218236024980e-08,-1.68948163001788582e-01,-1.75353582145976228e+00,-4.13629747736467684e-02,-8.77185349273827035e-04,-9.16746518260749496e-04,-3.80705306386620979e-01,-2.13667874930510912e-02, 7.33365556257477680e-01,-6.35581370481652919e-02, 1.72263099071189774e+00,-7.01331354394865448e-05,-8.17617069006577424e+01
 3.02568888824145787e-01, 5.43000000000029104e+01,-9.93350316602197719e-02,-4.76784949378875843e-08,-1.69220017459086824e-01,-1.75335005989969317e+00,-3.96051733319412458e-02,-8.37183603922676649e-04,-8.77438873933515857e-04,-3.81492958936286264e-01,-2.13662186702548162e-02, 7.33412287069562518e-01,-6.35143020406934017e-02, 1.72154547025860727e+00,-6.72079498425508942e-05,-8.17579722256273840e+01
 3.02438729264818684e-01, 5.43500000000058208e+01,-9.93359500645526194e-02,-4.76328483634695850e-08,-1.69491790061350039e-01,-1.75316419233593823e+00,-3.78472843257847344e-02,-7.97430359541942456e-04,-8.38160344000754001e-04,-3.82280815956337505e-01,-2.13656496301377966e-02, 7.33459035008755533e-01,-6.34705158779658302e-02, 1.72046130531370167e+00,-6.42776991013795779e-05,-8.17542361237513688e+01
 3.02308693856739807e-01, 5.44000000000087311e+01,-9.93368662771271227e-02,-4.75874503140491639e-08,-1.69763479846371718e-01,-1.75297822208884679e+00,-3.60893345444414509e-02,-7.57924977316382000e-04,-7.98911507582228874e-04,-3.83068874016735061e-01,-2.13650803811590122e-02, 7.33505799378870393e-01,-6.34267664961248034e-02, 1.71937814118374988e+00,-6.13424292330873295e-05,-8.17504986505680904e+01
 3.02178844241026812e-01, 5.44500000000116415e+01,-9.93377789736184652e-02,-4.75422340845531961e-08,-1.70035085922616819e-01,-1.75279215190859983e+00,-3.43313462577076248e-02,-7.18666722418408372e-04,-7.59692843567809427e-04,-3.83857129794827001e-01,-2.13645109303244214e-02, 7.33552579603125143e-01,-6.33830715508765102e-02, 1.71829649174192189e+00,-5.84021788929420596e-05,-8.17467598520760959e+01
 3.02049237848628638e-01, 5.45000000000000000e+01,-9.93386869317948867e-02,-4.74970528019226742e-08,-1.70306607532126592e-01,-1.75260598599682171e+00,-3.25733531083081326e-02,-6.79655096095583677e-04,-7.20505081176492693e-04,-3.84645580401133669e-01,-2.13639412883350650e-02, 7.33599374801231385e-01,-6.33394475368677518e-02, 1.71721683584906604e+00,-5.54570063061856706e-05,-8.17430197985342772e+01
 3.01919789681903306e-01, 5.45500000000029104e+01,-9.93395920372683455e-02,-4.74520515470505711e-08,-1.70578043873921670e-01,-1.75241972836554316e+00,-3.08153872015266457e-02,-6.40889564307256260e-04,-6.81348915045891621e-04,-3.85434222980250485e-01,-2.13633714654077565e-02, 7.33646184132732082e-01,-6.32958703294650565e-02, 1.71613846589913965e+00,-5.25069674237179729e-05,-8.17392785570223737e+01
 3.01790572801862778e-01, 5.46000000000058208e+01,-9.93404927209264321e-02,-4.74072285784623732e-08,-1.70849394115636405e-01,-1.75223338263943385e+00,-2.90574775556053967e-02,-6.02369526229823557e-04,-6.42224971118360581e-04,-3.86223054579566849e-01,-2.13628014707717591e-02, 7.33693006838341599e-01,-6.32523608616237104e-02, 1.71506199096783996e+00,-4.95521132703562794e-05,-8.17355361881362938e+01
 3.01661544441452489e-01, 5.46500000000087311e+01,-9.93413899472170708e-02,-4.73625011781037667e-08,-1.71120657436983015e-01,-1.75204695286731482e+00,-2.72996564762293392e-02,-5.64094446663199168e-04,-6.03133947185889455e-04,-3.87012072271359808e-01,-2.13622313147351084e-02, 7.33739842070208370e-01,-6.32089070523506602e-02, 1.71398705522140915e+00,-4.65925007667473612e-05,-8.17317927595546365e+01
 3.01532673151006958e-01, 5.47000000000116415e+01,-9.93422844229307073e-02,-4.73179924072143300e-08,-1.71391833024474527e-01,-1.75186044173759203e+00,-2.55419455490227126e-02,-5.26063567208722707e-04,-5.64076304212937445e-04,-3.87801273096934462e-01,-2.13616610041407230e-02, 7.33786689265166325e-01,-6.31655000089521163e-02, 1.71291339707134171e+00,-4.36281688858410993e-05,-8.17280483162054736e+01
 3.01404045750551575e-01, 5.47500000000000000e+01,-9.93431742770624349e-02,-4.72735682687010110e-08,-1.71662920148315412e-01,-1.75167385301959455e+00,-2.37843748068006025e-02,-4.88276302326331449e-04,-5.25052688778365642e-04,-3.88590654301493643e-01,-2.13610905485828312e-02, 7.33833547634087813e-01,-6.31221645872483278e-02, 1.71184174027260938e+00,-4.06591712520219743e-05,-8.17243029210807777e+01
 3.01275539510607648e-01, 5.48000000000029104e+01,-9.93440622154122266e-02,-4.72293566922213442e-08,-1.71933918043542550e-01,-1.75148718958006544e+00,-2.20269671622776546e-02,-4.50731918791508700e-04,-4.86063590062250483e-04,-3.89380213103072581e-01,-2.13605199553563059e-02, 7.33880416576761285e-01,-6.30788658787466427e-02, 1.71077106272786206e+00,-3.76855496297940999e-05,-8.17205566220760176e+01
 3.01147325423261392e-01, 5.48500000000058208e+01,-9.93449445209547838e-02,-4.71852045846720432e-08,-1.72204826016587598e-01,-1.75130045498124853e+00,-2.02697509466831793e-02,-4.13429793235790734e-04,-4.47109616069493873e-04,-3.90169946896687159e-01,-2.13599492335259447e-02, 7.33927295347634012e-01,-6.30356527238292719e-02, 1.70970278952988020e+00,-3.47073552895978772e-05,-8.17168094787071766e+01
 3.01019230426069817e-01, 5.49000000000087311e+01,-9.93458250092570799e-02,-4.71412431176572370e-08,-1.72475643318931587e-01,-1.75111365277941555e+00,-1.85127544034421124e-02,-3.76369298717268085e-04,-4.08191372296729926e-04,-3.90959852998617796e-01,-2.13593783921401277e-02, 7.33974183202547592e-01,-6.29924758898922216e-02, 1.70863547916330782e+00,-3.17246396296819665e-05,-8.17130615503824913e+01
 3.00891398482024508e-01, 5.49500000000116415e+01,-9.93467005463904013e-02,-4.70974076879260159e-08,-1.72746369226383256e-01,-1.75092678580477257e+00,-1.67560000487391274e-02,-3.39549690680989802e-04,-3.69309337637964094e-04,-3.91749928714253959e-01,-2.13588074383976520e-02, 7.34021079549307398e-01,-6.29493764868076511e-02, 1.70757033157260318e+00,-2.87374445166742658e-05,-8.17093128843665397e+01
 3.00763698309007121e-01, 5.50000000000000000e+01,-9.93475740326847656e-02,-4.70537290350812545e-08,-1.73017003037321454e-01,-1.75073985726562675e+00,-1.49995133265771532e-02,-3.02970283353261652e-04,-3.30464054942486798e-04,-3.92540171444369701e-01,-2.13582363804589934e-02, 7.34067983716767847e-01,-6.29063171848883995e-02, 1.70650625328306149e+00,-2.57458170690919184e-05,-8.17055635342378963e+01
 3.00636235274165720e-01, 5.50500000000029104e+01,-9.93484431766373938e-02,-4.70101790706998842e-08,-1.73287544073812250e-01,-1.75055286983688285e+00,-1.32433154693248796e-02,-2.66630305290402455e-04,-2.91655973908052117e-04,-3.93330578625023852e-01,-2.13576652251256140e-02, 7.34114895145445367e-01,-6.28633280854178772e-02, 1.70544412268986378e+00,-2.27497974302493102e-05,-8.17018135446523956e+01
 3.00508928131450914e-01, 5.51000000000058208e+01,-9.93493097792567115e-02,-4.69667939862679020e-08,-1.73557991683892243e-01,-1.75036582623603820e+00,-1.14874280121194904e-02,-2.30528991209432918e-04,-2.52885550459751893e-04,-3.94121147799628702e-01,-2.13570939793066121e-02, 7.34161813267050545e-01,-6.28203861072979125e-02, 1.70438326319714539e+00,-1.97494264827634489e-05,-8.16980629609726066e+01
 3.00381857362479909e-01, 5.51500000000087311e+01,-9.93501720962429724e-02,-4.69234986907181281e-08,-1.73828345252687588e-01,-1.75017872953208231e+00,-9.73187520784966377e-03,-1.94665630175055239e-04,-2.14153299835254113e-04,-3.94911876614581325e-01,-2.13565226508049891e-02, 7.34208737439912995e-01,-6.27775142680438297e-02, 1.70332434587644688e+00,-1.67447499997010000e-05,-8.16943118344300530e+01
 3.00254965638961646e-01, 5.52000000000116415e+01,-9.93510314076111734e-02,-4.68803636931754212e-08,-1.74098604127849610e-01,-1.74999158278109235e+00,-7.97668117316957526e-03,-1.59039507922709026e-04,-1.75459733786109256e-04,-3.95702762675168851e-01,-2.13559512473898670e-02, 7.34255667025184522e-01,-6.27346963137486030e-02, 1.70226689341209569e+00,-1.37358137535279557e-05,-8.16905602160338447e+01
 3.00128272006015107e-01, 5.52500000000000000e+01,-9.93518873119583201e-02,-4.68373830909615885e-08,-1.74368767667524904e-01,-1.74980438845006692e+00,-6.22186538595512033e-03,-1.23649817495759761e-04,-1.36805261639098532e-04,-3.96493803572022296e-01,-2.13553797753299052e-02, 7.34302601507287434e-01,-6.26919377362397945e-02, 1.70121106491918339e+00,-1.07226557577004939e-05,-8.16868081469415728e+01
 3.00001778919042950e-01, 5.53000000000029104e+01,-9.93527397739821794e-02,-4.67945257192610519e-08,-1.74638835270498477e-01,-1.74961714924569423e+00,-4.46744916798251773e-03,-8.84957890504652512e-05,-9.81903328360265824e-05,-3.97284996995563411e-01,-2.13548082415029629e-02, 7.34349540320643701e-01,-6.26492393068173725e-02, 1.70015688126721898e+00,-7.70531740181885773e-06,-8.16830556723107435e+01
 2.99875483644213903e-01, 5.53500000000058208e+01,-9.93535888722136273e-02,-4.67517889542024799e-08,-1.74908806343250428e-01,-1.74942986784953924e+00,-2.71345361420673517e-03,-5.35766484288671698e-05,-5.96153914046073039e-05,-3.98076340674624662e-01,-2.13542366527222534e-02, 7.34396482905020687e-01,-6.26066003174615832e-02, 1.69910432007688472e+00,-4.68383989046756432e-06,-8.16793028368742711e+01
 2.99749384117043938e-01, 5.54000000000087311e+01,-9.93544346695347941e-02,-4.67091868796995583e-08,-1.75178680295250910e-01,-1.74924254682453384e+00,-9.59898862606564456e-04,-1.88916028793608128e-05,-2.10808599302920487e-05,-3.98867832361796959e-01,-2.13536650154981383e-02, 7.34443428725092162e-01,-6.25640202473796286e-02, 1.69805336454268141e+00,-1.65826297803093812e-06,-8.16755496833767580e+01
 2.99623480618167182e-01, 5.54500000000116415e+01,-9.93552771763286519e-02,-4.66667231783460739e-08,-1.75448456553178700e-01,-1.74905518862336251e+00, 7.93195838912851741e-04, 1.55601573218168390e-05, 1.74128589506122144e-05,-3.99659469858269834e-01,-2.13530933360594651e-02, 7.34490377268684824e-01,-6.25214992405577624e-02, 1.69700401740061557e+00, 1.37137492579704795e-06,-8.16717962527144294e+01
 2.99497773700896253e-01, 5.55000000000000000e+01,-9.93561163967627281e-02,-4.66243941219445617e-08,-1.75718134551279409e-01,-1.74886779567562711e+00, 2.54581145018902217e-03, 4.97794452443759742e-05, 5.58653675517055168e-05,-4.00451250989584395e-01,-2.13525216205756978e-02, 7.34537328028532999e-01,-6.24790375178633992e-02, 1.69595628365713558e+00, 4.40503558512926229e-06,-8.16680425853936640e+01
 2.99372263685999784e-01, 5.55500000000029104e+01,-9.93569523741032468e-02,-4.65821917174890232e-08,-1.75987713190116801e-01,-1.74868037437548463e+00, 4.29789808114560985e-03, 8.37664657232159166e-05, 9.42755915920467545e-05,-4.01243170227356505e-01,-2.13519498852931637e-02, 7.34584279669885598e-01,-6.24366353510621419e-02, 1.69491016637835568e+00, 7.44262708481238093e-06,-8.16642887880817199e+01
 2.99246950402651646e-01, 5.56000000000058208e+01,-9.93577850927773176e-02,-4.65401191280429399e-08,-1.76257192495527654e-01,-1.74849292299436354e+00, 6.04946915846785432e-03, 1.17522667928282836e-04, 1.32643846924460274e-04,-4.02035229035344610e-01,-2.13513781258083436e-02, 7.34631232553827562e-01,-6.23942926314885737e-02, 1.69386566453057430e+00, 1.04841669821653910e-05,-8.16605348318667268e+01
 2.99121833817609539e-01, 5.56500000000087311e+01,-9.93586145539847032e-02,-4.64981766239687864e-08,-1.76526572180428387e-01,-1.74830544211252747e+00, 7.80052012014321311e-03, 1.51049147208211410e-04, 1.70970054562329641e-04,-4.02827426872984340e-01,-2.13508063435867597e-02, 7.34678186559466706e-01,-6.23520093579747817e-02, 1.69282277822427285e+00, 1.35296416804831921e-05,-8.16567807263707408e+01
 2.98996914081481213e-01, 5.57000000000116415e+01,-9.93594408195531548e-02,-4.64563586614574758e-08,-1.76795850952988221e-01,-1.74811793985388353e+00, 9.55098772316449740e-03, 1.84345839668040404e-04, 2.09252848790012717e-04,-4.03619756584703504e-01,-2.13502345592671040e-02, 7.34725139991480480e-01,-6.23097858045915595e-02, 1.69178150909990710e+00, 1.65789353699564938e-05,-8.16530266070996191e+01
 2.98872191118247810e-01, 5.57500000000000000e+01,-9.93602638515214270e-02,-4.64146680218426329e-08,-1.77065029139467117e-01,-1.74793041212196165e+00, 1.13009038517326230e-02, 2.17414557148477719e-04, 2.47492950746065841e-04,-4.04412221749472278e-01,-2.13496627624272309e-02, 7.34772093705227336e-01,-6.22676218196039077e-02, 1.69074185690644208e+00, 1.96320974909565251e-05,-8.16492724056254957e+01
 2.98747665050012878e-01, 5.58000000000029104e+01,-9.93610837124365570e-02,-4.63731013940998831e-08,-1.77334105549483839e-01,-1.74774286705445703e+00, 1.30502052524801623e-02, 2.50255228416385261e-04, 2.85688995610641381e-04,-4.05204815419412445e-01,-2.13490909737335255e-02, 7.34819046003205134e-01,-6.22255176690543269e-02, 1.68970382304183997e+00, 2.26890117110742956e-05,-8.16455182576359988e+01
 2.98623336033754627e-01, 5.58500000000058208e+01,-9.93619004839388364e-02,-4.63316545275025956e-08,-1.77603078705645401e-01,-1.74755531510759066e+00, 1.47988107495369958e-02, 2.82867419626796324e-04, 3.23839227098269471e-04,-4.05997528678609276e-01,-2.13485192197415026e-02, 7.34865994704444914e-01,-6.21834736970593924e-02, 1.68866740919239056e+00, 2.57495297861438998e-05,-8.16417643374846449e+01
 2.98499203898571652e-01, 5.59000000000087311e+01,-9.93627140677769832e-02,-4.62903320255885142e-08,-1.77871949744761504e-01,-1.74736774490596014e+00, 1.65468088360235521e-02, 3.15254062614232051e-04, 3.61945607802978430e-04,-4.06790371198412437e-01,-2.13479474715366040e-02, 7.34912942182850415e-01,-6.21414895098636733e-02, 1.68763261430870659e+00, 2.88137996543671032e-05,-8.16380104553293222e+01
 2.98375268644463898e-01, 5.59500000000116415e+01,-9.93635244594737732e-02,-4.62491338763797459e-08,-1.78140718443831531e-01,-1.74718015645394931e+00, 1.82941995304305889e-02, 3.47416336588301415e-04, 4.00008160603802592e-04,-4.07583342959336847e-01,-2.13473757291188226e-02, 7.34959888437991871e-01,-6.20995650984363309e-02, 1.68659943876352791e+00, 3.18818150252530723e-05,-8.16342566111700592e+01
 2.98251530271467447e-01, 5.60000000000000000e+01,-9.93643316545525512e-02,-4.62080600679105739e-08,-1.78409384579529234e-01,-1.74699254975599549e+00, 2.00409828508327295e-02, 3.79355420707102133e-04, 4.38026908369930162e-04,-4.08376443941667167e-01,-2.13468039924883321e-02, 7.35006833469427301e-01,-6.20577004537591834e-02, 1.68556788292743098e+00, 3.49535696044327894e-05,-8.16305028050079216e+01
 2.98127988779510245e-01, 5.60500000000029104e+01,-9.93651356485382303e-02,-4.61671105881796664e-08,-1.78677947928515324e-01,-1.74680492481637217e+00, 2.17871588168787080e-02, 4.11072494113507011e-04, 4.76001874004005818e-04,-4.09169674126380944e-01,-2.13462322616447958e-02, 7.35053777276755027e-01,-6.20158955667777997e-02, 1.68453794716763205e+00, 3.80290570971424688e-05,-8.16267490368407351e+01
 2.98004643985444462e-01, 5.61000000000058208e+01,-9.93659371449157752e-02,-4.61262455813860120e-08,-1.78946401669071831e-01,-1.74661736383805510e+00, 2.35320905019618179e-02, 4.42555850965868701e-04, 5.13919138957425045e-04,-4.09962969865149074e-01,-2.13456607452417596e-02, 7.35100702727783273e-01,-6.19741527968542261e-02, 1.68350963032259116e+00, 4.11071515270372670e-05,-8.16229966766086648e+01
 2.97881495969407550e-01, 5.61500000000087311e+01,-9.93667358295240444e-02,-4.60854824671042400e-08,-1.79214748412115044e-01,-1.74642983087273129e+00, 2.52760571024674141e-02, 4.73812244211217867e-04, 5.51784845077829696e-04,-4.10756359006057781e-01,-2.13450893520055057e-02, 7.35147617316929347e-01,-6.19324710972890546e-02, 1.68248293342325761e+00, 4.41883337529675349e-05,-8.16192451250430082e+01
 2.97758544803746639e-01, 5.62000000000116415e+01,-9.93675314182701358e-02,-4.60448369711527485e-08,-1.79482990521604741e-01,-1.74624229346054749e+00, 2.70193104029726183e-02, 5.04847919484808605e-04, 5.89604528795410754e-04,-4.11549866672740017e-01,-2.13445179995246682e-02, 7.35194527810498988e-01,-6.18908495230474920e-02, 1.68145785743324616e+00, 4.72730387843336340e-05,-8.16154938410620332e+01
 2.97635790488497365e-01, 5.62500000000000000e+01,-9.93683239066824181e-02,-4.60043090820030484e-08,-1.79751127763177226e-01,-1.74605475160679924e+00, 2.87618505299832711e-02, 5.35664042683614170e-04, 6.27378216970509643e-04,-4.12343492852121962e-01,-2.13439466877994276e-02, 7.35241434208188327e-01,-6.18492880647968021e-02, 1.68043440271088795e+00, 5.03612597967130268e-05,-8.16117428246668339e+01
 2.97513233023588342e-01, 5.63000000000029104e+01,-9.93691132902907448e-02,-4.59638987880928621e-08,-1.80019159902501752e-01,-1.74586720531661688e+00, 3.05036776115871662e-02, 5.66261779549897051e-04, 6.65105936494448432e-04,-4.13137237531825574e-01,-2.13433754168294472e-02, 7.35288336509735241e-01,-6.18077867131694089e-02, 1.67941256961119767e+00, 5.34529899655661632e-05,-8.16079920758552220e+01
 2.97390872409055318e-01, 5.63500000000058208e+01,-9.93698995646253302e-02,-4.59236060778969631e-08,-1.80287086704812083e-01,-1.74567965459529373e+00, 3.22447917744107040e-02, 5.96642295617383421e-04, 7.02787714223556672e-04,-4.13931100698782917e-01,-2.13428041866148867e-02, 7.35335234714836528e-01,-6.17663454588355532e-02, 1.67839235848766144e+00, 5.65482224608287174e-05,-8.16042415946282773e+01
 2.97268708644898239e-01, 5.64000000000087311e+01,-9.93706827252174713e-02,-4.58834309398799073e-08,-1.80554907935218723e-01,-1.74549209944806938e+00, 3.39851931456258693e-02, 6.26806756246797107e-04, 7.40423577022684769e-04,-4.14725082340159756e-01,-2.13422329971557530e-02, 7.35382128823201864e-01,-6.17249642924547551e-02, 1.67737376969105423e+00, 5.96469504504533850e-05,-8.16004913809860284e+01
 2.97146741731117159e-01, 5.64500000000116415e+01,-9.93714627675993945e-02,-4.58433733625078325e-08,-1.80822623358631029e-01,-1.74530453988018142e+00, 3.57248818524814118e-02, 6.56756326617569672e-04, 7.78013551755043814e-04,-4.15519182443123802e-01,-2.13416618484520461e-02, 7.35429018834543036e-01,-6.16836432046879574e-02, 1.67635680356974381e+00, 6.27491670995651741e-05,-8.15967414349284610e+01
 2.97024971667747439e-01, 5.65000000000000000e+01,-9.93722396873040759e-02,-4.58034333342601111e-08,-1.81090232739679224e-01,-1.74511697589692050e+00, 3.74638580217755493e-02, 6.86492171718820288e-04, 8.15557665270821245e-04,-4.16313400994615390e-01,-2.13410907405039221e-02, 7.35475904748556841e-01,-6.16423821862095919e-02, 1.67534146046999166e+00, 6.58548655695056069e-05,-8.15929917564566551e+01
 2.96903398454718248e-01, 5.65500000000029104e+01,-9.93730134798661707e-02,-4.57636108435828829e-08,-1.81357735843026030e-01,-1.74492940750341563e+00, 3.92021217818725315e-02, 7.16015456383766249e-04, 8.53055944450706251e-04,-4.17107737982270410e-01,-2.13405196733110654e-02, 7.35522786564982267e-01,-6.16011812276595627e-02, 1.67432774073477875e+00, 6.89640390214216453e-05,-8.15892423455684366e+01
 2.96782022092065001e-01, 5.66000000000058208e+01,-9.93737841408206674e-02,-4.57239058789587564e-08,-1.81625132432899350e-01,-1.74474183470495658e+00, 4.09396732596708848e-02, 7.45327345237890523e-04, 8.90508416140438981e-04,-4.17902193393034138e-01,-2.13399486468736285e-02, 7.35569664283516444e-01,-6.15600403197151674e-02, 1.67331564470558458e+00, 7.20766806108370095e-05,-8.15854932022649137e+01
 2.96660842579787809e-01, 5.66500000000087311e+01,-9.93745516657037753e-02,-4.56843184288603080e-08,-1.81892422273403936e-01,-1.74455425750677917e+00, 4.26765125826532379e-02, 7.74429002734077052e-04, 9.27915107195080471e-04,-4.18696767214085774e-01,-2.13393776611916150e-02, 7.35616537903871714e-01,-6.15189594530431427e-02, 1.67230517272121015e+00, 7.51927834912971305e-05,-8.15817443265460582e+01
 2.96539859917886506e-01, 5.67000000000116415e+01,-9.93753160500527588e-02,-4.56448484817617419e-08,-1.82159605128443369e-01,-1.74436667591411809e+00, 4.44126398783391413e-02, 8.03321593143173753e-04, 9.65276044467185297e-04,-4.19491459432607350e-01,-2.13388067162650283e-02, 7.35663407425759308e-01,-6.14779386183117935e-02, 1.67129632511808102e+00, 7.83123408133795440e-05,-8.15779957184118842e+01
 2.96419074106396341e-01, 5.67500000000000000e+01,-9.93760772894057010e-02,-4.56054960261502990e-08,-1.82426680761642535e-01,-1.74417908993226223e+00, 4.61480552738048472e-02, 8.32006280546128581e-04, 1.00259125479649027e-03,-4.20286270035552190e-01,-2.13382358120940280e-02, 7.35710272848878244e-01,-6.14369778062026986e-02, 1.67028910223054683e+00, 8.14353457238139794e-05,-8.15742473778634860e+01
 2.96298485145246981e-01, 5.68000000000029104e+01,-9.93768353793025028e-02,-4.55662610504804766e-08,-1.82693648936658543e-01,-1.74399149956633681e+00, 4.78827588977030205e-02, 8.60484228867308470e-04, 1.03986076505333241e-03,-4.21081199010570117e-01,-2.13376649486782879e-02, 7.35757134172967953e-01,-6.13960770073630618e-02, 1.66928350438971473e+00, 8.45617913691045165e-05,-8.15704993048986751e+01
 2.96178093034473566e-01, 5.68500000000058208e+01,-9.93775903152833984e-02,-4.55271435432427516e-08,-1.82960509416714323e-01,-1.74380390482162873e+00, 4.96167508772229343e-02, 8.88756601824241361e-04, 1.07708460207328518e-03,-4.21876246344620009e-01,-2.13370941260179782e-02, 7.35803991397726787e-01,-6.13552362124775222e-02, 1.66827953192521461e+00, 8.76916708900454605e-05,-8.15667514995185456e+01
 2.96057895136860705e-01, 5.69000000000087311e+01,-9.93783427853642543e-02,-4.54881099793455239e-08,-1.83227257524642334e-01,-1.74361637978364792e+00, 5.13494610019848141e-02, 9.16812372372644577e-04, 1.11425035631921849e-03,-4.22671329884151348e-01,-2.13365235319614328e-02, 7.35850829103298576e-01,-6.13144568321679351e-02, 1.66727716317127794e+00, 9.08239565309505508e-05,-8.15630051950641786e+01
 2.95937890567240791e-01, 5.69500000000116415e+01,-9.93790930175945247e-02,-4.54491491008851809e-08,-1.83493891475419613e-01,-1.74342894932759473e+00, 5.30806986119594024e-02, 9.44648507257106191e-04, 1.15135390423118465e-03,-4.23466422088666639e-01,-2.13359532295595289e-02, 7.35897642114680894e-01,-6.12737393319654836e-02, 1.66627639106966252e+00, 9.39582959156505147e-05,-8.15592608055037118e+01
 2.95818082170037744e-01, 5.70000000000000000e+01,-9.93798402606868303e-02,-4.54102970440737775e-08,-1.83760415789112147e-01,-1.74324153356152967e+00, 5.48110793360856718e-02, 9.72279259096956610e-04, 1.18840869923341960e-03,-4.24261611562595620e-01,-2.13353830162066570e-02, 7.35944447062969465e-01,-6.12330821700933850e-02, 1.66527723966282837e+00, 9.70957816932936359e-05,-8.15555170006054482e+01
 2.95698469945181786e-01, 5.70500000000029104e+01,-9.93805845102049001e-02,-4.53715537979288962e-08,-1.84026830215421849e-01,-1.74305413249174901e+00, 5.65406034521873102e-02, 9.99705765679410321e-04, 1.22541477367689444e-03,-4.25056898303487807e-01,-2.13348128919024840e-02, 7.35991243948096563e-01,-6.11924853368103691e-02, 1.66427970926995950e+00, 1.00236406339322277e-04,-8.15517737803672418e+01
 2.95579053892707833e-01, 5.71000000000058208e+01,-9.93813257617130047e-02,-4.53329193515052500e-08,-1.84293134503680872e-01,-1.74286674612470960e+00, 5.82692712366245508e-02, 1.02692916440974991e-03, 1.26237215987495062e-03,-4.25852282308203045e-01,-2.13342428566471766e-02, 7.36038032769955608e-01,-6.11519488224134822e-02, 1.66328380020879463e+00, 1.03380162324040646e-04,-8.15480311447901585e+01
 2.95459834012615830e-01, 5.71500000000087311e+01,-9.93820640107768161e-02,-4.52943936938495051e-08,-1.84559328403162082e-01,-1.74267937446681342e+00, 5.99970829662714242e-02, 1.05395059234288406e-03, 1.29928089014563048e-03,-4.26647763573838379e-01,-2.13336729104407347e-02, 7.36084813528453230e-01,-6.11114726171910899e-02, 1.66228951279447257e+00, 1.06527042116191805e-04,-8.15442890938741982e+01
 2.95340810304905832e-01, 5.72000000000116415e+01,-9.93827992529631860e-02,-4.52559768140116034e-08,-1.84825411663001288e-01,-1.74249201752446115e+00, 6.17240389180227569e-02, 1.08077118617548205e-03, 1.33614099680112904e-03,-4.27443342097495460e-01,-2.13331030532831617e-02, 7.36131586223496170e-01,-6.10710567114343128e-02, 1.66129684733983107e+00, 1.09677038182056489e-04,-8.15405476276193610e+01
 2.95221982769612368e-01, 5.72500000000000000e+01,-9.93835314838400069e-02,-4.52176687010558070e-08,-1.85091384032119916e-01,-1.74230467530410760e+00, 6.34501393682828790e-02, 1.10739208223809655e-03, 1.37295251213688714e-03,-4.28239017876049899e-01,-2.13325332851746242e-02, 7.36178350854978403e-01,-6.10307010954491969e-02, 1.66030580415569817e+00, 1.12830142984510790e-04,-8.15368067460267554e+01
 2.95103351406666270e-01, 5.73000000000029104e+01,-9.93842606989771005e-02,-4.51794693440162287e-08,-1.85357245259534814e-01,-1.74211734781203997e+00, 6.51753845950045485e-02, 1.13381441652662886e-03, 1.40971546847508075e-03,-4.29034790907077357e-01,-2.13319636061147858e-02, 7.36225107422835090e-01,-6.09904057595093071e-02, 1.65931638354974820e+00, 1.15986348986743215e-04,-8.15330664490941786e+01
 2.94984916216102178e-01, 5.73500000000058208e+01,-9.93849868939447878e-02,-4.51413787319636819e-08,-1.85622995093893656e-01,-1.74193003505470911e+00, 6.68997748746397447e-02, 1.16003932465523333e-03, 1.44642989809957967e-03,-4.29830661187463603e-01,-2.13313940161038093e-02, 7.36271855926960761e-01,-6.09501706939263865e-02, 1.65832858582823661e+00, 1.19145648646678184e-04,-8.15293267368227248e+01
 2.94866677197920091e-01, 5.74000000000087311e+01,-9.93857100643150415e-02,-4.51033968539610522e-08,-1.85888633283784355e-01,-1.74174273703851190e+00, 6.86233104841593583e-02, 1.18606794188754979e-03, 1.48309583329903679e-03,-4.30626628714331383e-01,-2.13308245151416984e-02, 7.36318596367264155e-01,-6.09099958890036500e-02, 1.65734241129485338e+00, 1.22308034420656059e-04,-8.15255876092124083e+01
 2.94748634352119954e-01, 5.74500000000116415e+01,-9.93864302056610138e-02,-4.50655236990744677e-08,-1.86154159577658296e-01,-1.74155545376984167e+00, 7.03459917005678087e-02, 1.21190140312922969e-03, 1.51971330635653715e-03,-4.31422693484808661e-01,-2.13302551032284599e-02, 7.36365328743654346e-01,-6.08698813350470047e-02, 1.65635786025101783e+00, 1.25473498762538482e-04,-8.15218490662632149e+01
 2.94630787678736072e-01, 5.75000000000000000e+01,-9.93871473135570643e-02,-4.50277592563842906e-08,-1.86419573723752591e-01,-1.74136818525514681e+00, 7.20678188003727321e-02, 1.23754084292000167e-03, 1.55628234953832903e-03,-4.32218855495796861e-01,-2.13296857803642534e-02, 7.36412053056026972e-01,-6.08298270223771101e-02, 1.65537493299617156e+00, 1.28642034122725715e-04,-8.15181111079762530e+01
 2.94513137177699835e-01, 5.75500000000029104e+01,-9.93878613835794539e-02,-4.49901035149411643e-08,-1.86684875470399136e-01,-1.74118093150070719e+00, 7.37887920616270704e-02, 1.26298739546412296e-03, 1.59280299513720630e-03,-4.33015114744897678e-01,-2.13291165465487424e-02, 7.36458769304318972e-01,-6.07898329412824567e-02, 1.65439362982663973e+00, 1.31813632951906267e-04,-8.15143737343493200e+01
 2.94395682849045603e-01, 5.76000000000058208e+01,-9.93885724113052066e-02,-4.49525564638319626e-08,-1.86950064565561347e-01,-1.74099369251296898e+00, 7.55089117608850890e-02, 1.28824219458497356e-03, 1.62927527540784119e-03,-4.33811471229022971e-01,-2.13285474017821039e-02, 7.36505477488427762e-01,-6.07498990820896367e-02, 1.65341395103735556e+00, 1.34988287695449199e-04,-8.15106369453835100e+01
 2.94278424692773377e-01, 5.76500000000087311e+01,-9.93892803923129842e-02,-4.49151180921357905e-08,-1.87215140757142989e-01,-1.74080646829832064e+00, 7.72281781752186536e-02, 1.31330637375516352e-03, 1.66569922260962266e-03,-4.34607924945321245e-01,-2.13279783460643274e-02, 7.36552177608263081e-01,-6.07100254351164506e-02, 1.65243589692072090e+00, 1.38165990797104859e-04,-8.15069007410788373e+01
 2.94161359863508387e-01, 5.77000000000116415e+01,-9.93899856534290888e-02,-4.48777732209006906e-08,-1.87480104346579024e-01,-1.74061929018023642e+00, 7.89463521889137293e-02, 1.33817541145158075e-03, 1.70206966932373235e-03,-4.35404447434448449e-01,-2.13274094586718491e-02, 7.36598863157996275e-01,-6.06702120941375947e-02, 1.65145944403312450e+00, 1.41346300042676887e-04,-8.15031656419342880e+01
 2.94044480587681067e-01, 5.77500000000000000e+01,-9.93906890953513977e-02,-4.48404804018056136e-08,-1.87744956560570886e-01,-1.74043224372770733e+00, 8.06627805187171004e-02, 1.36283487507107034e-03, 1.73837245945197795e-03,-4.36200960979274521e-01,-2.13268409561896202e-02, 7.36645516364315633e-01,-6.06304593310497131e-02, 1.65048452782025401e+00, 1.44528018576879289e-04,-8.14994330699646952e+01
 2.93927795962185823e-01, 5.78000000000029104e+01,-9.93913896547539283e-02,-4.48032881194106551e-08,-1.88009695348816563e-01,-1.74024522882587318e+00, 8.23782291984087173e-02, 1.38730387724043274e-03, 1.77462426364623053e-03,-4.36997556580981050e-01,-2.13262725851618082e-02, 7.36692158027238975e-01,-6.05907668044966957e-02, 1.64951122444541132e+00, 1.47712526968700621e-04,-8.14957013610749783e+01
 2.93811305987056681e-01, 5.78500000000058208e+01,-9.93920873272611249e-02,-4.47661963633674348e-08,-1.88274320449516530e-01,-1.74005824548218779e+00, 8.40926986348638078e-02, 1.41158351656522256e-03, 1.81082511895023363e-03,-4.37794234244840041e-01,-2.13257043455885691e-02, 7.36738788146834911e-01,-6.05511345045238597e-02, 1.64853953419204635e+00, 1.50899817148658166e-04,-8.14919705152662175e+01
 2.93695010662293643e-01, 5.79000000000087311e+01,-9.93927821084990837e-02,-4.47292051233211469e-08,-1.88538831600864237e-01,-1.73987129370405058e+00, 8.58061892354215899e-02, 1.43567489116421432e-03, 1.84697506240904955e-03,-4.38590993976362309e-01,-2.13251362374699098e-02, 7.36785406723185932e-01,-6.05115624211692918e-02, 1.64756945734113192e+00, 1.54089881046263880e-04,-8.14882405325384127e+01
 2.93578909987896708e-01, 5.79500000000116415e+01,-9.93934739940952883e-02,-4.46923143889213733e-08,-1.88803228540968898e-01,-1.73968437349885918e+00, 8.75187014073753738e-02, 1.45957909866204090e-03, 1.88307413105826796e-03,-4.39387835781065383e-01,-2.13245682608058304e-02, 7.36832013756374749e-01,-6.04720505444752837e-02, 1.64660099417145234e+00, 1.57282710589077694e-04,-8.14845114128915924e+01
 2.93463003963899627e-01, 5.80000000000000000e+01,-9.93941629796784992e-02,-4.46555241498328096e-08,-1.89067511007778688e-01,-1.73949748487406142e+00, 8.92302355575158301e-02, 1.48329723618302600e-03, 1.91912236191441781e-03,-4.40184759664241865e-01,-2.13240004155964905e-02, 7.36878609246472416e-01,-6.04325988644998577e-02, 1.64563414495989568e+00, 1.60478297701849640e-04,-8.14807831563268081e+01
 2.93347292590234843e-01, 5.80500000000029104e+01,-9.93948490608795726e-02,-4.46188343956924777e-08,-1.89331678739388276e-01,-1.73931062783694124e+00, 9.09407920940747544e-02, 1.50683040037793720e-03, 1.95511979201587081e-03,-4.40981765631886791e-01,-2.13234327018415604e-02, 7.36925193193589734e-01,-6.03932073712707337e-02, 1.64466890998032822e+00, 1.63676634310150327e-04,-8.14770557628418999e+01
 2.93231775866936217e-01, 5.81000000000058208e+01,-9.93955322333301833e-02,-4.45822451161739540e-08,-1.89595731473577556e-01,-1.73912380239494535e+00, 9.26503714237566223e-02, 1.53017968738292640e-03, 1.99106645836033330e-03,-4.41778853689306306e-01,-2.13228651195412136e-02, 7.36971765597797646e-01,-6.03538760548546008e-02, 1.64370528950529460e+00, 1.66877712334825547e-04,-8.14733292324379619e+01
 2.93116453794003695e-01, 5.81500000000087311e+01,-9.93962124926637824e-02,-4.45457563009445020e-08,-1.89859668948118981e-01,-1.73893700855546118e+00, 9.43589739537413486e-02, 1.55334619284737538e-03, 2.02696239794705226e-03,-4.42576023842045585e-01,-2.13222976686954398e-02, 7.37018326459181972e-01,-6.03146049053105079e-02, 1.64274328380489720e+00, 1.70081523695730783e-04,-8.14696035651149799e+01
 2.93001326371437276e-01, 5.82000000000116415e+01,-9.93968898345153340e-02,-4.45093679396757990e-08,-1.90123490900700992e-01,-1.73875024632587705e+00, 9.60666000911622325e-02, 1.57633101192658151e-03, 2.06280764776579353e-03,-4.43373276095656410e-01,-2.13217303493042458e-02, 7.37064875777828421e-01,-6.02753939127020980e-02, 1.64178289314708192e+00, 1.73288060310756618e-04,-8.14658787608729682e+01
 2.92886393599270434e-01, 5.82500000000000000e+01,-9.93975642545211202e-02,-4.44730800220545174e-08,-1.90387197068851072e-01,-1.73856351571363255e+00, 9.77732502426303801e-02, 1.59913523927551261e-03, 2.09860224478689754e-03,-4.44170610455465409e-01,-2.13211631613677913e-02, 7.37111413553808936e-01,-6.02362430671084734e-02, 1.64082411779792636e+00, 1.76497314094929686e-04,-8.14621548197130068e+01
 2.92771655477436166e-01, 5.83000000000029104e+01,-9.93982357483196161e-02,-4.44368925377400459e-08,-1.90650787190242699e-01,-1.73837681672600097e+00, 9.94789248162144812e-02, 1.62175996907519874e-03, 2.13434622600278253e-03,-4.44968026927502425e-01,-2.13205961048857535e-02, 7.37157939787238647e-01,-6.01971523585787954e-02, 1.63986695802052740e+00, 1.79709276964134742e-04,-8.14584317416329213e+01
 2.92657112005968056e-01, 5.83500000000058208e+01,-9.93989043115502818e-02,-4.44008054764278978e-08,-1.90914261002234881e-01,-1.73819014937041882e+00, 1.01183624218457502e-01, 1.64420629499287697e-03, 2.17003962836538481e-03,-4.45765525517107353e-01,-2.13200291798582887e-02, 7.37204454478191051e-01,-6.01581217772007709e-02, 1.63891141407668628e+00, 1.82923940829503073e-04,-8.14547095266337919e+01
 2.92542763184866050e-01, 5.84000000000087311e+01,-9.93995699398544236e-02,-4.43648188278074389e-08,-1.91177618242179465e-01,-1.73800351365426575e+00, 1.02887348856356808e-01, 1.66647531020849122e-03, 2.20568248882768584e-03,-4.46563106229859730e-01,-2.13194623862854003e-02, 7.37250957626753523e-01,-6.01191513130548486e-02, 1.63795748622579396e+00, 1.86141297601132369e-04,-8.14509881747156328e+01
 2.92428609014130148e-01, 5.84500000000116415e+01,-9.94002326288748739e-02,-4.43289325815724619e-08,-1.91440858647343809e-01,-1.73781690958491919e+00, 1.04590099136881956e-01, 1.68856810740828029e-03, 2.24127484433361227e-03,-4.47360769071345588e-01,-2.13188957241670918e-02, 7.37297449233014768e-01,-6.00802409562257236e-02, 1.63700517472511864e+00, 1.89361339187177238e-04,-8.14472676858784439e+01
 2.92314649493793488e-01, 5.85000000000000000e+01,-9.94008923742560474e-02,-4.42931467274315363e-08,-1.91703981954834596e-01,-1.73763033716980830e+00, 1.06291875466480473e-01, 1.71048577877845435e-03, 2.27681673180771867e-03,-4.48158514046925693e-01,-2.13183291935035227e-02, 7.37343929297050282e-01,-6.00413906968136901e-02, 1.63605447983009022e+00, 1.92584057492910780e-04,-8.14435480601232911e+01
 2.92200864231466295e-01, 5.85500000000029104e+01,-9.94015505965301222e-02,-4.42573885241671837e-08,-1.91966995854250783e-01,-1.73744390962176709e+00, 1.07991819839075895e-01, 1.73220583674065518e-03, 2.31228962374052140e-03,-4.48956176287218622e-01,-2.13177630802109143e-02, 7.37390374362003165e-01,-6.00025980104462661e-02, 1.63510523167059318e+00, 1.95807871457993269e-04,-8.14398311746677876e+01
 2.92087270999601967e-01, 5.86000000000058208e+01,-9.94022060499025334e-02,-4.42217213521618268e-08,-1.92229893108193550e-01,-1.73725752829155722e+00, 1.09690681411448318e-01, 1.75374969626955978e-03, 2.34770975956579775e-03,-4.49753899535277502e-01,-2.13171971351060752e-02, 7.37436804872097285e-01,-5.99638650775582427e-02, 1.63415757876141399e+00, 1.99034141947657681e-04,-8.14361153934694357e+01
 2.91973870022931681e-01, 5.86500000000087311e+01,-9.94028587143844788e-02,-4.41861460033244021e-08,-1.92492673358722527e-01,-1.73707119193977344e+00, 1.11388470156469521e-01, 1.77511866889395694e-03, 2.38307738472038570e-03,-4.50551685621378595e-01,-2.13166313550380258e-02, 7.37483221086072227e-01,-5.99251919157819807e-02, 1.63321152322591523e+00, 2.02262877872961698e-04,-8.14324006958401725e+01
 2.91860661301455548e-01, 5.87000000000116415e+01,-9.94035085856896511e-02,-4.41506624680163893e-08,-1.92755336335716648e-01,-1.73688490057457567e+00, 1.13085186583477396e-01, 1.79631380687214496e-03, 2.41839253991822873e-03,-4.51349534558537380e-01,-2.13160657400067698e-02, 7.37529623004154478e-01,-5.98865785150511434e-02, 1.63226706531059595e+00, 2.05494070818492504e-04,-8.14286870817799979e+01
 2.91747644835206321e-01, 5.87500000000000000e+01,-9.94041556595331999e-02,-4.41152707366146140e-08,-1.93017881768939137e-01,-1.73669865420417557e+00, 1.14780831201225925e-01, 1.81733616187321916e-03, 2.45365526585114655e-03,-4.52147446359544292e-01,-2.13155002900124804e-02, 7.37576010626556866e-01,-5.98480248653157909e-02, 1.63132420526017108e+00, 2.08727712366516249e-04,-8.14249745512899921e+01
 2.91634820624118274e-01, 5.88000000000029104e+01,-9.94047999316325509e-02,-4.40799707994700673e-08,-1.93280309388342897e-01,-1.73651245283661870e+00, 1.16475404519857911e-01, 1.83818678500149708e-03, 2.48886560322985869e-03,-4.52945421037893925e-01,-2.13149350050548213e-02, 7.37622383953534300e-01,-5.98095309564975613e-02, 1.63038294331648381e+00, 2.11963794100743160e-04,-8.14212631043679949e+01
 2.91522188668224269e-01, 5.88500000000058208e+01,-9.94054413977061846e-02,-4.40447626469697128e-08,-1.93542618923612353e-01,-1.73632629648011161e+00, 1.18168907047938643e-01, 1.85886672675974747e-03, 2.52402359272229293e-03,-4.53743458606391259e-01,-2.13143698851339554e-02, 7.37668742985300718e-01,-5.97710967785570063e-02, 1.62944327972015679e+00, 2.15202307600672964e-04,-8.14175527410151005e+01
 2.91409748967524418e-01, 5.89000000000087311e+01,-9.94060800534744410e-02,-4.40096462694952530e-08,-1.93804810104468844e-01,-1.73614018514280399e+00, 1.19861339294454888e-01, 1.87937703707412133e-03, 2.55912927499519051e-03,-4.54541559078081137e-01,-2.13138049302498862e-02, 7.37715087722085161e-01,-5.97327223214485711e-02, 1.62850521470950249e+00, 2.18443244445405428e-04,-8.14138434612312807e+01
 2.91297501522018609e-01, 5.89500000000116415e+01,-9.94067158946594365e-02,-4.39746216574334662e-08,-1.94066882660594325e-01,-1.73595411883284267e+00, 1.21552701768282548e-01, 1.89971876528740972e-03, 2.59418269070299957e-03,-4.55339722466015451e-01,-2.13132401404026138e-02, 7.37761418164116778e-01,-5.96944075751320233e-02, 1.62756874852079947e+00, 2.21686596212630202e-04,-8.14101352650165495e+01
 2.91185446331739484e-01, 5.90000000000000000e+01,-9.94073489169847307e-02,-4.39396888011863243e-08,-1.94328836321554982e-01,-1.73576809755842620e+00, 1.23242994977719983e-01, 1.91989296015361815e-03, 2.62918388047824044e-03,-4.56137948783021219e-01,-2.13126755155922942e-02, 7.37807734311611618e-01,-5.96561525295834019e-02, 1.62663388138857723e+00, 2.24932354477729431e-04,-8.14064281523719870e+01
 2.91073583396621816e-01, 5.90500000000029104e+01,-9.94079791161762705e-02,-4.39048476911303817e-08,-1.94590670817106293e-01,-1.73558212132758993e+00, 1.24932219432450919e-01, 1.93990066986134829e-03, 2.66413288497214986e-03,-4.56936238042629839e-01,-2.13121110558186083e-02, 7.37854036164827476e-01,-5.96179571747506021e-02, 1.62570061354452844e+00, 2.28180510817550911e-04,-8.14027221232954332e+01
 2.90961912716698190e-01, 5.91000000000058208e+01,-9.94086064879611681e-02,-4.38700983176777679e-08,-1.94852385876735507e-01,-1.73539619014852931e+00, 1.26620375640583260e-01, 1.95974294199843585e-03, 2.69902974479334758e-03,-4.57734590257683038e-01,-2.13115467610817261e-02, 7.37900323723981399e-01,-5.95798215006201337e-02, 1.62476894521915161e+00, 2.31431056804723537e-04,-8.13990171777879823e+01
 2.90850434291968662e-01, 5.91500000000087311e+01,-9.94092310280684927e-02,-4.38354406712354708e-08,-1.95113981229966676e-01,-1.73521030402937915e+00, 1.28307464110644587e-01, 1.97942082357593745e-03, 2.73387450054920090e-03,-4.58533005441261743e-01,-2.13109826313816336e-02, 7.37946596989305537e-01,-5.95417454971725324e-02, 1.62383887664066795e+00, 2.34683984011488112e-04,-8.13953133158496058e+01
 2.90739148122433233e-01, 5.92000000000116415e+01,-9.94098527322291869e-02,-4.38008747422155606e-08,-1.95375456606284165e-01,-1.73502446297827695e+00, 1.29993485351044241e-01, 1.99893536102153111e-03, 2.76866719283464088e-03,-4.59331483606455093e-01,-2.13104186667183379e-02, 7.37992855961031591e-01,-5.95037291543936420e-02, 1.62291040803529807e+00, 2.37939284008669691e-04,-8.13916105374803323e+01
 2.90628054208124209e-01, 5.92500000000000000e+01,-9.94104715961757757e-02,-4.37664005210451688e-08,-1.95636811735057009e-01,-1.73483866700340905e+00, 1.31678439869633401e-01, 2.01828760017471647e-03, 2.80340786222314699e-03,-4.60130024766126411e-01,-2.13098548670920020e-02, 7.38039100639379164e-01,-5.94657724622854322e-02, 1.62198353962754216e+00, 2.41196948364823846e-04,-8.13879088426812132e+01
 2.90517152548976865e-01, 5.93000000000029104e+01,-9.94110876156431567e-02,-4.37320179981263994e-08,-1.95898046345842597e-01,-1.73465291611279748e+00, 1.33362328175625766e-01, 2.03747858630867751e-03, 2.83809654930630749e-03,-4.60928628933843565e-01,-2.13092912325022928e-02, 7.38085331024608493e-01,-5.94278754108220342e-02, 1.62105827163910177e+00, 2.44456968649956786e-04,-8.13842082314501027e+01
 2.90406416908968457e-01, 5.93500000000058208e+01,-9.94117019415266812e-02,-4.36976709544004805e-08,-1.96159180041279330e-01,-1.73446727628808350e+00, 1.35044655763148141e-01, 2.05649127059406118e-03, 2.87272263891891807e-03,-4.61727211104727031e-01,-2.13087279287259117e-02, 7.38131533519966410e-01,-5.93900324389979653e-02, 1.62013438539826549e+00, 2.47718437515412478e-04,-8.13805097922139993e+01
 2.90295860776844439e-01, 5.94000000000087311e+01,-9.94123139762261993e-02,-4.36633882830822060e-08,-1.96420202318377368e-01,-1.73428171362153605e+00, 1.36725678060541089e-01, 2.07533573639315499e-03, 2.90729166586052275e-03,-4.62525815031518739e-01,-2.13081648705320224e-02, 7.38177715116865141e-01,-5.93522463905997305e-02, 1.61921199366060842e+00, 2.50981808088813368e-04,-8.13768129653794858e+01
 2.90185492268728418e-01, 5.94500000000116415e+01,-9.94129233583233435e-02,-4.36291873642692353e-08,-1.96681106753725882e-01,-1.73409620771348871e+00, 1.38405548848841931e-01, 2.09401853542618560e-03, 2.94180697233388175e-03,-4.63324467037371290e-01,-2.13076020066377686e-02, 7.38223880021940282e-01,-5.93145189727955213e-02, 1.61829116435636222e+00, 2.54247349813112810e-04,-8.13731174142428131e+01
 2.90075311310614481e-01, 5.95000000000000000e+01,-9.94135300869407740e-02,-4.35950680306078559e-08,-1.96941893129564116e-01,-1.73391075875896883e+00, 1.40084267328789369e-01, 2.11254060233594066e-03, 2.97626857219428394e-03,-4.64123166901610762e-01,-2.13070393375111335e-02, 7.38270028197164696e-01,-5.92768501599167247e-02, 1.61737189708231988e+00, 2.57515051586753631e-04,-8.13694231418765668e+01
 2.89965317828400682e-01, 5.95500000000029104e+01,-9.94141341612059803e-02,-4.35610301147369837e-08,-1.97202561228291579e-01,-1.73372536695285406e+00, 1.41761832704320856e-01, 2.13090286995141652e-03, 3.01067647938432770e-03,-4.64921914404401393e-01,-2.13064768636196181e-02, 7.38316159604552436e-01,-5.92392399262672426e-02, 1.61645419143256430e+00, 2.60784902307493658e-04,-8.13657301513501352e+01
 2.89855511748081107e-01, 5.96000000000058208e+01,-9.94147355802501714e-02,-4.35270734493477128e-08,-1.97463110832012984e-01,-1.73354003249019195e+00, 1.43438244179671104e-01, 2.14910626925481855e-03, 3.04503070787436872e-03,-4.65720709325350146e-01,-2.13059145854311884e-02, 7.38362274206083247e-01,-5.92016882461890159e-02, 1.61553804700007397e+00, 2.64056890866776867e-04,-8.13620384457360899e+01
 2.89745892995618037e-01, 5.96500000000087311e+01,-9.94153343432090247e-02,-4.34931978671436181e-08,-1.97723541722843399e-01,-1.73335475556599450e+00, 1.45113500961275482e-01, 2.16715172940128500e-03, 3.07933127170152568e-03,-4.66519551444437353e-01,-2.13053525034136854e-02, 7.38408371963750532e-01,-5.91641950940183792e-02, 1.61462346337566731e+00, 2.67331006153463148e-04,-8.13583480281059934e+01
 2.89636461496973530e-01, 5.97000000000116415e+01,-9.94159304492225199e-02,-4.34594032008506412e-08,-1.97983853682832833e-01,-1.73316953637527682e+00, 1.46787602257341693e-01, 2.18504017771328427e-03, 3.11357818496092297e-03,-4.67318440541783675e-01,-2.13047906180349120e-02, 7.38454452839553244e-01,-5.91267604440967667e-02, 1.61371044014827181e+00, 2.70607237053012710e-04,-8.13546589015313373e+01
 2.89527217178141449e-01, 5.97500000000000000e+01,-9.94165238974348137e-02,-4.34256892832269375e-08,-1.98244046493891712e-01,-1.73298437511312509e+00, 1.48460547277306482e-01, 2.20277253967352893e-03, 3.14777146179449994e-03,-4.68117376397417628e-01,-2.13042289297628584e-02, 7.38500516795478346e-01,-5.90893842707820374e-02, 1.61279897690519847e+00, 2.73885572446447637e-04,-8.13509710690847356e+01
 2.89418159965020350e-01, 5.98000000000029104e+01,-9.94171146869948369e-02,-4.33920559470236482e-08,-1.98504119938094692e-01,-1.73279927197447359e+00, 1.50132335233806230e-01, 2.22034973894483624e-03, 3.18191111643128426e-03,-4.68916358792206389e-01,-2.13036674390650153e-02, 7.38546563793557320e-01,-5.90520665484045928e-02, 1.61188907323108954e+00, 2.77166001214235115e-04,-8.13472845338355768e+01
 2.89309289783604207e-01, 5.98500000000058208e+01,-9.94177028170553645e-02,-4.33585030250437683e-08,-1.98764073797227298e-01,-1.73261422715442825e+00, 1.51802965339767448e-01, 2.23777269733826207e-03, 3.21599716312791651e-03,-4.69715387506459470e-01,-2.13031061464093660e-02, 7.38592593795784236e-01,-5.90148072513327487e-02, 1.61098072870951681e+00, 2.80448512230607088e-04,-8.13435992988564323e+01
 2.89200606559855133e-01, 5.99000000000087311e+01,-9.94182882867737511e-02,-4.33250303501028861e-08,-1.99023907853089627e-01,-1.73242924084805483e+00, 1.53472436810313390e-01, 2.25504233483208878e-03, 3.25002961620755784e-03,-4.70514462320859805e-01,-2.13025450522637307e-02, 7.38638606764169925e-01,-5.89776063539295820e-02, 1.61007394292192640e+00, 2.83733094367321075e-04,-8.13399153672188504e+01
 2.89092110219735299e-01, 5.99500000000116415e+01,-9.94188710953115978e-02,-4.32916377550389702e-08,-1.99283621887421714e-01,-1.73224431325042905e+00, 1.55140748862310801e-01, 2.27215956956608109e-03, 3.28400849005063260e-03,-4.71313583016230608e-01,-2.13019841570959226e-02, 7.38684602660727441e-01,-5.89404638305632972e-02, 1.60916871544791373e+00, 2.87019736492792599e-04,-8.13362327419943512e+01
 2.88983800689238235e-01, 6.00000000000000000e+01,-9.94194512418348081e-02,-4.32583250727221298e-08,-1.99543215681829006e-01,-1.73205944455669103e+00, 1.56807900713872295e-01, 2.28912531783531962e-03, 3.31793379908467377e-03,-4.72112749373303386e-01,-2.13014234613739320e-02, 7.38730581447461065e-01,-5.89033796556183084e-02, 1.60826504586549079e+00, 2.90308427471135881e-04,-8.13325514262555203e+01
 2.88875677894263105e-01, 6.00500000000029104e+01,-9.94200287255141424e-02,-4.32250921360157974e-08,-1.99802689018085261e-01,-1.73187463496183236e+00, 1.58473891586285165e-01, 2.30594049410867393e-03, 3.35180555782352372e-03,-4.72911961173647366e-01,-2.13008629655652496e-02, 7.38776543086417603e-01,-5.88663538034521761e-02, 1.60736293375004435e+00, 2.93599156165994652e-04,-8.13288714230717460e+01
 2.88767741760803498e-01, 6.01000000000058208e+01,-9.94206035455242748e-02,-4.31919387778349222e-08,-2.00062041677680547e-01,-1.73168988466101692e+00, 1.60138720701106768e-01, 2.32260601099822540e-03, 3.38562378080821402e-03,-4.73711218198275053e-01,-2.13003026701378516e-02, 7.38822487539606332e-01,-5.88293862484602706e-02, 1.60646237867592045e+00, 2.96891911434834046e-04,-8.13251927355156283e+01
 2.88659992214821637e-01, 6.01500000000087311e+01,-9.94211757010444452e-02,-4.31588648311071720e-08,-2.00321273442123804e-01,-1.73150519384936619e+00, 1.61802387282106525e-01, 2.33912277927802960e-03, 3.41938848264646770e-03,-4.74510520228571708e-01,-2.12997425755595687e-02, 7.38868414769054627e-01,-5.87924769650325293e-02, 1.60556338021537992e+00, 3.00186682132792717e-04,-8.13215153666586872e+01
 2.88552429182279524e-01, 6.02000000000116415e+01,-9.94217451912583067e-02,-4.31258701287826545e-08,-2.00580384092869074e-01,-1.73132056272201273e+00, 1.63464890554768150e-01, 2.35549170787793458e-03, 3.45309967800253633e-03,-4.75309867046063372e-01,-2.12991826822982143e-02, 7.38914324736791195e-01,-5.87556259275645171e-02, 1.60466593793886636e+00, 3.03483457111726571e-04,-8.13178393195724567e+01
 2.88445052589170692e-01, 6.02500000000000000e+01,-9.94223120153537865e-02,-4.30929545038434397e-08,-2.00839373411240307e-01,-1.73113599147415287e+00, 1.65126229745825415e-01, 2.37171370387812734e-03, 3.48675738158778703e-03,-4.76109258432183546e-01,-2.12986229908217681e-02, 7.38960217404836750e-01,-5.87188331104677649e-02, 1.60377005141527951e+00, 3.06782225219305897e-04,-8.13141645973295084e+01
 2.88337862361394581e-01, 6.03000000000029104e+01,-9.94228761725237942e-02,-4.30601177892653307e-08,-2.01098241178734288e-01,-1.73095148030083590e+00, 1.66786404085154993e-01, 2.38778967252635619e-03, 3.52036160819898386e-03,-4.76908694169204783e-01,-2.12980635015977277e-02, 7.39006092735252196e-01,-5.86820984881274918e-02, 1.60287572021093205e+00, 3.10082975302804003e-04,-8.13104912029992590e+01
 2.88230858424944725e-01, 6.03500000000058208e+01,-9.94234376619651805e-02,-4.30273598180752969e-08,-2.01356987176568997e-01,-1.73076702939728122e+00, 1.68445412802922273e-01, 2.40372051720926308e-03, 3.55391237266048602e-03,-4.77708174038841415e-01,-2.12975042150940798e-02, 7.39051950690064907e-01,-5.86454220349663796e-02, 1.60198294389112950e+00, 3.13385696203447278e-04,-8.13068191396542801e+01
 2.88124040705783124e-01, 6.04000000000087311e+01,-9.94239964828794176e-02,-4.29946804233131587e-08,-2.01615611185986365e-01,-1.73058263895866604e+00, 1.70103255131474673e-01, 2.41950713946970314e-03, 3.58740968986254747e-03,-4.78507697823181588e-01,-2.12969451317786308e-02, 7.39097791231316359e-01,-5.86088037254019270e-02, 1.60109172201912653e+00, 3.16690376760201059e-04,-8.13031484103661057e+01
 2.88017409129872060e-01, 6.04500000000116415e+01,-9.94245526344724878e-02,-4.29620794380411562e-08,-2.01874112988177590e-01,-1.73039830918017978e+00, 1.71759930304876962e-01, 2.43515043900126987e-03, 3.62085357475190042e-03,-4.79307265304453500e-01,-2.12963862521192114e-02, 7.39143614321052356e-01,-5.85722435338573849e-02, 1.60020205415640326e+00, 3.19997005808869261e-04,-8.12994790182062559e+01
 2.87910963623204508e-01, 6.05000000000000000e+01,-9.94251061159547034e-02,-4.29295566953534326e-08,-2.02132492364209021e-01,-1.73021404025707670e+00, 1.73415437558415569e-01, 2.45065131364259744e-03, 3.65424404232171738e-03,-4.80106876264793370e-01,-2.12958275765837979e-02, 7.39189419921307822e-01,-5.85357414347720331e-02, 1.59931393986292325e+00, 3.23305572181127967e-04,-8.12958109662473305e+01
 2.87804704111680631e-01, 6.05500000000029104e+01,-9.94256569265413587e-02,-4.28971120283382081e-08,-2.02390749095323813e-01,-1.73002983238446051e+00, 1.75069776130533317e-01, 2.46601065939448761e-03, 3.68758110765061596e-03,-4.80906530487175798e-01,-2.12952691056398913e-02, 7.39235207994161647e-01,-5.84992974025589155e-02, 1.59842737869611118e+00, 3.26616064708416202e-04,-8.12921442575587179e+01
 2.87698630521293630e-01, 6.06000000000058208e+01,-9.94262050654518420e-02,-4.28647452701344920e-08,-2.02648882962491700e-01,-1.72984568575760700e+00, 1.76722945259935038e-01, 2.48122937039179639e-03, 3.72086478584424942e-03,-4.81706227754018002e-01,-2.12947108397554645e-02, 7.39280978501655195e-01,-5.84629114116687193e-02, 1.59754237021241186e+00, 3.29928472216175291e-04,-8.12884788952130037e+01
 2.87592742778005561e-01, 6.06500000000087311e+01,-9.94267505319101769e-02,-4.28324562538943101e-08,-2.02906893746710698e-01,-1.72966160057175089e+00, 1.78374944187503187e-01, 2.49630833892037097e-03, 3.75409509207392080e-03,-4.82505967848110340e-01,-2.12941527793983412e-02, 7.39326731405846926e-01,-5.84265834365470110e-02, 1.59665891396626036e+00, 3.33242783527700761e-04,-8.12848148822817222e+01
 2.87487040807778593e-01, 6.07000000000116415e+01,-9.94272933251449803e-02,-4.28002448127920948e-08,-2.03164781228932861e-01,-1.72947757702213645e+00, 1.80025772155827712e-01, 2.51124845541171073e-03, 3.78727204156708696e-03,-4.83305750552383173e-01,-2.12935949250363417e-02, 7.39372466668797745e-01,-5.83903134516450123e-02, 1.59577700951034851e+00, 3.36558987463227166e-04,-8.12811522218363933e+01
 2.87381524536605482e-01, 6.07500000000000000e+01,-9.94278334443892131e-02,-4.27681107800341018e-08,-2.03422545189990256e-01,-1.72929361530407255e+00, 1.81675428408723832e-01, 2.52605060843767411e-03, 3.82039564959765158e-03,-4.84105575649675046e-01,-2.12930372771374457e-02, 7.39418184252559452e-01,-5.83541014314302442e-02, 1.59489665639589040e+00, 3.39877072838980275e-04,-8.12774909169495885e+01
 2.87276193890386999e-01, 6.08000000000029104e+01,-9.94283708888809431e-02,-4.27360539888209621e-08,-2.03680185410895859e-01,-1.72910971561272175e+00, 1.83323912193118832e-01, 2.54071568472623473e-03, 3.85346593152378078e-03,-4.84905442923663332e-01,-2.12924798361691474e-02, 7.39463884119225701e-01,-5.83179473503442763e-02, 1.59401785417160302e+00, 3.43197028471002358e-04,-8.12738309706907387e+01
 2.87171048795116013e-01, 6.08500000000058208e+01,-9.94289056578623598e-02,-4.27040742724038240e-08,-2.03937701672394472e-01,-1.72892587814341514e+00, 1.84971222756219938e-01, 2.55524456913536592e-03, 3.88648290273107622e-03,-4.85705352157467074e-01,-2.12919226025994335e-02, 7.39509566230854509e-01,-5.82818511828660374e-02, 1.59314060238525146e+00, 3.46518843169473401e-04,-8.12701723861324155e+01
 2.87066089176754580e-01, 6.09000000000087311e+01,-9.94294377505803295e-02,-4.26721714640469321e-08,-2.04195093755263568e-01,-1.72874210309144161e+00, 1.86617359347401035e-01, 2.56963814466887926e-03, 3.91944657867040417e-03,-4.86505303134578848e-01,-2.12913655768961207e-02, 7.39555230549519771e-01,-5.82458129034695848e-02, 1.59226490058262993e+00, 3.49842505742534280e-04,-8.12665151663461387e+01
 2.86961314961264868e-01, 6.09500000000116415e+01,-9.94299671662864232e-02,-4.26403453970369639e-08,-2.04452361440239400e-01,-1.72855839065210337e+00, 1.88262321217721018e-01, 2.58389729247112754e-03, 3.95235697484818630e-03,-4.87305295638631730e-01,-2.12908087595270260e-02, 7.39600877037298376e-01,-5.82098324866348535e-02, 1.59139074830782667e+00, 3.53168004995340896e-04,-8.12628593144034426e+01
 2.86856681571532490e-01, 6.10000000000000000e+01,-9.94304951771732837e-02,-4.26085668089727346e-08,-2.04709544164817209e-01,-1.72837477115058902e+00, 1.89905889133746092e-01, 2.59800364733489249e-03, 3.98520946522828209e-03,-4.88105234411633726e-01,-2.12902522249549496e-02, 7.39646499590498108e-01,-5.81738981417048301e-02, 1.59051777380697956e+00, 3.56494987211992606e-04,-8.12592053191988697e+01
 2.86752228682613464e-01, 6.10500000000029104e+01,-9.94310206463291241e-02,-4.25768615224971804e-08,-2.04966606305245352e-01,-1.72819121787182484e+00, 1.91548257653818499e-01, 2.61197499652942276e-03, 4.01800821752411851e-03,-4.88905204142311922e-01,-2.12896959075568604e-02, 7.39692103589241645e-01,-5.81380203524879471e-02, 1.58964630825657238e+00, 3.59823748088922840e-04,-8.12555527498764150e+01
 2.86647956775440138e-01, 6.11000000000058208e+01,-9.94315435572551004e-02,-4.25452297340231995e-08,-2.05223547149855551e-01,-1.72800773063564495e+00, 1.93189428779719702e-01, 2.62581241652078091e-03, 4.05075330615740827e-03,-4.89705205801701404e-01,-2.12891398068780907e-02, 7.39737689071266580e-01,-5.81021992403369936e-02, 1.58877635582644539e+00, 3.63154280828576132e-04,-8.12519016034509463e+01
 2.86543865655138952e-01, 6.11500000000087311e+01,-9.94320639127846684e-02,-4.25136711981604964e-08,-2.05480366589191776e-01,-1.72782430971934198e+00, 1.94829401197514462e-01, 2.63951669027911312e-03, 4.08344473512211367e-03,-4.90505238918056641e-01,-2.12885839235873800e-02, 7.39783255982220833e-01,-5.80664347479451504e-02, 1.58790791504644102e+00, 3.66486573428796703e-04,-8.12482518843131061e+01
 2.86439955126836510e-01, 6.12000000000116415e+01,-9.94325817157597353e-02,-4.24821856695499174e-08,-2.05737064513854429e-01,-1.72764095540022344e+00, 1.96468173595736206e-01, 2.65308859748535552e-03, 4.11608250849945963e-03,-4.91305303019850925e-01,-2.12880282583534503e-02, 7.39828804267758433e-01,-5.80307268180163399e-02, 1.58704098444478681e+00, 3.69820613889662608e-04,-8.12446035968535369e+01
 2.86336224995689392e-01, 6.12500000000000000e+01,-9.94330969690305211e-02,-4.24507729028726092e-08,-2.05993640814427198e-01,-1.72745766795566769e+00, 1.98105744664905770e-01, 2.66652891452712074e-03, 4.14866663044831038e-03,-4.92105397635543729e-01,-2.12874728118452039e-02, 7.39874333873523971e-01,-5.79950753932758842e-02, 1.58617556254835446e+00, 3.73156390212536142e-04,-8.12409567454639472e+01
 2.86232675066763864e-01, 6.13000000000029104e+01,-9.94336096754562110e-02,-4.24194326528134173e-08,-2.06250095381776827e-01,-1.72727444766290605e+00, 1.99742113099455415e-01, 2.67983841451442488e-03, 4.18119710524344525e-03,-4.92905522294511844e-01,-2.12869175847310473e-02, 7.39919844745206001e-01,-5.79594804164288366e-02, 1.58531164788166357e+00, 3.76493890404014614e-04,-8.12373113345328193e+01
 2.86129305145216617e-01, 6.13500000000058208e+01,-9.94341198379040669e-02,-4.23881646741158510e-08,-2.06506428106606688e-01,-1.72709129479934931e+00, 2.01377277594822435e-01, 2.69301786725545606e-03, 4.21367393721762580e-03,-4.93705676525652448e-01,-2.12863625776798619e-02, 7.39965336828457332e-01,-5.79239418302225084e-02, 1.58444923896839907e+00, 3.79833102470046656e-04,-8.12336673684518757e+01
 2.86026115036174200e-01, 6.14000000000087311e+01,-9.94346274592498858e-02,-4.23569687215453368e-08,-2.06762638879756905e-01,-1.72690820964237046e+00, 2.03011236849392596e-01, 2.70606803927267133e-03, 4.24609713080029410e-03,-4.94505859858314245e-01,-2.12858077913603977e-02, 7.40010810068948754e-01,-5.78884595774047106e-02, 1.58358833433041335e+00, 3.83174014419918019e-04,-8.12300248516117449e+01
 2.85923104544763107e-01, 6.14500000000116415e+01,-9.94351325423780824e-02,-4.23258445498985154e-08,-2.07018727592130608e-01,-1.72672519246935607e+00, 2.04643989563999429e-01, 2.71898969379846291e-03, 4.27846669050754164e-03,-4.95306071822064820e-01,-2.12852532264413731e-02, 7.40056264412354503e-01,-5.78530336007343771e-02, 1.58272893248798741e+00, 3.86516614265266362e-04,-8.12263837884030693e+01
 2.85820273476139752e-01, 6.15000000000000000e+01,-9.94356350901813429e-02,-4.22947919140121359e-08,-2.07274694134621240e-01,-1.72654224355776553e+00, 2.06275534441462627e-01, 2.73178359077156773e-03, 4.31078262093295781e-03,-4.96106311946457490e-01,-2.12846988835916837e-02, 7.40101699804341262e-01,-5.78176638429916609e-02, 1.58187103196008727e+00, 3.89860890019165420e-04,-8.12227441832175288e+01
 2.85717621635370900e-01, 6.15500000000029104e+01,-9.94361351055612630e-02,-4.22638105687270370e-08,-2.07530538398411651e-01,-1.72635936318491190e+00, 2.07905870188464098e-01, 2.74445048685157495e-03, 4.34304492678471744e-03,-4.96906579761963285e-01,-2.12841447634797391e-02, 7.40147116190618459e-01,-5.77823502469369255e-02, 1.58101463126337682e+00, 3.93206829700006564e-04,-8.12191060404436485e+01
 2.85615148827612908e-01, 6.16000000000058208e+01,-9.94366325914275984e-02,-4.22329002689422777e-08,-2.07786260274528484e-01,-1.72617655162828565e+00, 2.09534995512703992e-01, 2.75699113539663171e-03, 4.37525361282921528e-03,-4.97706874798572729e-01,-2.12835908667744281e-02, 7.40192513516860218e-01,-5.77470927553725838e-02, 1.58015972891372258e+00, 3.96554421325700048e-04,-8.12154693644731367e+01
 2.85512854857992437e-01, 6.16500000000087311e+01,-9.94371275506986396e-02,-4.22020607695790193e-08,-2.08041859654141514e-01,-1.72599380916533951e+00, 2.11162909124815168e-01, 2.76940628647856816e-03, 4.40740868392900265e-03,-4.98507196586727985e-01,-2.12830371941444899e-02, 7.40237891728758979e-01,-5.77118913111017498e-02, 1.57930632342520272e+00, 3.99903652917629694e-04,-8.12118341596966076e+01
 2.85410739531635871e-01, 6.17000000000116415e+01,-9.94376199863012261e-02,-4.21712918255895449e-08,-2.08297336428490576e-01,-1.72581113607354131e+00, 2.12789609737850521e-01, 2.78169668687866349e-03, 4.43951014503252573e-03,-4.99307544657090097e-01,-2.12824837462586465e-02, 7.40283250772010626e-01,-5.76767458569386951e-02, 1.57845441331036640e+00, 4.03254512499638239e-04,-8.12082004305047178e+01
 2.85308802653699511e-01, 6.17500000000000000e+01,-9.94381099011705516e-02,-4.21405931919661598e-08,-2.08552690488812337e-01,-1.72562853263042992e+00, 2.14415096066841254e-01, 2.79386308008457412e-03, 4.47155800116545016e-03,-5.00107918540305341e-01,-2.12819305237857970e-02, 7.40328590592302160e-01,-5.76416563357190284e-02, 1.57760399708049115e+00, 4.06606988097145232e-04,-8.12045681812891473e+01
 2.85207044029250456e-01, 6.18000000000029104e+01,-9.94385972982506777e-02,-4.21099646237055437e-08,-2.08807921726639201e-01,-1.72544599911339969e+00, 2.16039366830663493e-01, 2.80590620630416987e-03, 4.50355225746737475e-03,-5.00908317767937206e-01,-2.12813775273943510e-02, 7.40373911135365104e-01,-5.76066226902588532e-02, 1.57675507324459740e+00, 4.09961067741032592e-04,-8.12009374164384212e+01
 2.85105463463444952e-01, 6.18500000000058208e+01,-9.94390821804938263e-02,-4.20794058758622389e-08,-2.09063030033354469e-01,-1.72526353580001879e+00, 2.17662420749211549e-01, 2.81782680244451432e-03, 4.53549291913609137e-03,-5.01708741871069175e-01,-2.12808247577531903e-02, 7.40419212346894895e-01,-5.75716448634161077e-02, 1.57590764031094688e+00, 4.13316739461846137e-04,-8.11973081403442194e+01
 2.85004060761409550e-01, 6.19000000000087311e+01,-9.94395645508608095e-02,-4.20489167035130028e-08,-2.09318015300491128e-01,-1.72508114296782278e+00, 2.19284256545258321e-01, 2.82962560212572699e-03, 4.56737999146419708e-03,-5.02509190381235982e-01,-2.12802722155310577e-02, 7.40464494172605292e-01,-5.75367227980498191e-02, 1.57506169678605668e+00, 4.16673991293668245e-04,-8.11936803573972128e+01
 2.84902835728270742e-01, 6.19500000000116415e+01,-9.94400444123209326e-02,-4.20184968617656680e-08,-2.09572877419658549e-01,-1.72489882089435786e+00, 2.20904872944032549e-01, 2.84130333567819519e-03, 4.59921347983079272e-03,-5.03309662830190740e-01,-2.12797199013966820e-02, 7.40509756558213161e-01,-5.75018564370300342e-02, 1.57421724117495776e+00, 4.20032811273272065e-04,-8.11900540719880013e+01
 2.84801788169184444e-01, 6.20000000000000000e+01,-9.94405217678518832e-02,-4.19881461057679838e-08,-2.09827616282470153e-01,-1.72471656985724286e+00, 2.22524268672688624e-01, 2.85286073013857116e-03, 4.63099338969096604e-03,-5.04110158749671800e-01,-2.12791678160189519e-02, 7.40554999449427598e-01,-5.74670457232482057e-02, 1.57337427198144786e+00, 4.23393187439062471e-04,-8.11864292885082932e+01
 2.84700917889218419e-01, 6.20500000000029104e+01,-9.94409966204402723e-02,-4.19578641906723051e-08,-2.10082231780840789e-01,-1.72453439013395160e+00, 2.24142442462221037e-01, 2.86429850926371837e-03, 4.66271972661335982e-03,-5.04910677672334218e-01,-2.12786159600662772e-02, 7.40600222792000773e-01,-5.74322905995767879e-02, 1.57253278770711802e+00, 4.26755107835077743e-04,-8.11828060113466137e+01
 2.84600224693528581e-01, 6.21000000000058208e+01,-9.94414689730807461e-02,-4.19276508716885850e-08,-2.10336723806543474e-01,-1.72435228200213464e+00, 2.25759393044623113e-01, 2.87561739351052366e-03, 4.69439249622437618e-03,-5.05711219130353662e-01,-2.12780643342075568e-02, 7.40645426531649997e-01,-5.73975910089297714e-02, 1.57169278685283387e+00, 4.30118560505128968e-04,-8.11791842448946568e+01
 2.84499708387241479e-01, 6.21500000000087311e+01,-9.94419388287766381e-02,-4.18975059040489982e-08,-2.10591092251507128e-01,-1.72417024573940347e+00, 2.27375119154776012e-01, 2.88681810004960031e-03, 4.72601170424521381e-03,-5.06511782656355658e-01,-2.12775129391115127e-02, 7.40690610614109679e-01,-5.73629468942223192e-02, 1.57085426791776217e+00, 4.33483533496750869e-04,-8.11755639935430509e+01
 2.84399368775483552e-01, 6.22000000000116415e+01,-9.94424061905397894e-02,-4.18674290430168145e-08,-2.10845337007743799e-01,-1.72398828162338624e+00, 2.28989619529963329e-01, 2.89790134276192218e-03, 4.75757735648230269e-03,-5.07312367783184226e-01,-2.12769617754468773e-02, 7.40735774985118667e-01,-5.73283581983808632e-02, 1.57001722939962329e+00, 4.36850014860229495e-04,-8.11719452616824384e+01
 2.84299205663410604e-01, 6.22500000000000000e+01,-9.94428710613903671e-02,-4.18374200438950746e-08,-2.11099457967276055e-01,-1.72380638993178104e+00, 2.30602892909411467e-01, 2.90886783223599397e-03, 4.78908945881830524e-03,-5.08112974043669063e-01,-2.12764108438825497e-02, 7.40780919590407372e-01,-5.72938248643533390e-02, 1.56918166979494522e+00, 4.40217992647674687e-04,-8.11683280537044993e+01
 2.84199218856090730e-01, 6.23000000000029104e+01,-9.94433334443574624e-02,-4.18074786619916701e-08,-2.11353455022434022e-01,-1.72362457094214117e+00, 2.32214938036149871e-01, 2.91971827578058540e-03, 4.82054801724839024e-03,-5.08913600971556246e-01,-2.12758601450869327e-02, 7.40826044375749060e-01,-5.72593468350687529e-02, 1.56834758759809567e+00, 4.43587454916938978e-04,-8.11647123739977729e+01
 2.84099408158679734e-01, 6.23500000000058208e+01,-9.94437933424782705e-02,-4.17776046526717992e-08,-2.11607328065412770e-01,-1.72344282493219536e+00, 2.33825753654206381e-01, 2.93045337740599487e-03, 4.85195303782543982e-03,-5.09714248100111011e-01,-2.12753096797289216e-02, 7.40871149286882358e-01,-5.72249240534977166e-02, 1.56751498130275335e+00, 4.46958389725795376e-04,-8.11610982269539392e+01
 2.83999773376304054e-01, 6.24000000000087311e+01,-9.94442507587986052e-02,-4.17477977713229281e-08,-2.11861076988569874e-01,-1.72326115217963638e+00, 2.35435338510467856e-01, 2.94107383783688862e-03, 4.88330452669634169e-03,-5.10514914963049682e-01,-2.12747594484772526e-02, 7.40916234269563323e-01,-5.71905564626120147e-02, 1.56668384940093897e+00, 4.50330785135854531e-04,-8.11574856169636405e+01
 2.83900314314090296e-01, 6.24500000000116415e+01,-9.94447056963728288e-02,-4.17180577733635719e-08,-2.12114701684352258e-01,-1.72307955296217030e+00, 2.37043691354214103e-01, 2.95158035450942624e-03, 4.91460249009285921e-03,-5.11315601094306627e-01,-2.12742094520006406e-02, 7.40961299269552232e-01,-5.71562440053950821e-02, 1.56585419038327056e+00, 4.53704629211626302e-04,-8.11538745484175195e+01
 2.83801030777193819e-01, 6.25000000000000000e+01,-9.94451581582635885e-02,-4.16883844142518977e-08,-2.12368202045223997e-01,-1.72289802755757560e+00, 2.38650810936652885e-01, 2.96197362156859056e-03, 4.94584693432257184e-03,-5.12116306027800561e-01,-2.12736596909679984e-02, 7.41006344232600256e-01,-5.71219866248514896e-02, 1.56502600273920933e+00, 4.57079910019574933e-04,-8.11502650257072560e+01
 2.83701922570683329e-01, 6.25500000000029104e+01,-9.94456081475425108e-02,-4.16587774494511942e-08,-2.12621577963962610e-01,-1.72271657624348351e+00, 2.40256696012783239e-01, 2.97225432988048287e-03, 4.97703786580504931e-03,-5.12917029298367355e-01,-2.12731101660477220e-02, 7.41051369104502200e-01,-5.70877842639674546e-02, 1.56419928495610572e+00, 4.60456615632068365e-04,-8.11466570532213751e+01
 2.83602982886566768e-01, 6.26000000000058208e+01,-9.94460557657317890e-02,-4.16292296317157678e-08,-2.12874834589157652e-01,-1.72253519293155044e+00, 2.41861393274168224e-01, 2.98242251093690149e-03, 5.00817631211379014e-03,-5.13717761647765836e-01,-2.12725608614970745e-02, 7.41096375175658850e-01,-5.70536348115641065e-02, 1.56337398035738739e+00, 4.63834843768007549e-04,-8.11430505275990157e+01
 2.83504192855742687e-01, 6.26500000000087311e+01,-9.94465012942137988e-02,-4.15997209436137271e-08,-2.13127986667909275e-01,-1.72235385992191370e+00, 2.43465036746064178e-01, 2.99247693448478382e-03, 5.03926515988231249e-03,-5.14518477779260852e-01,-2.12720117316414596e-02, 7.41141366188725503e-01,-5.70195324107861598e-02, 1.56254993166089773e+00, 4.67214893022855834e-04,-8.11394451489580746e+01
 2.83405574730578702e-01, 6.27000000000116415e+01,-9.94469444021890830e-02,-4.15702749115823857e-08,-2.13381016262674444e-01,-1.72217259910056963e+00, 2.45067462403947722e-01, 3.00242045880266990e-03, 5.07030094714870042e-03,-5.15319207069949048e-01,-2.12714628328562923e-02, 7.41186337525211902e-01,-5.69854839779763422e-02, 1.56172732459547770e+00, 4.70596380019975115e-04,-8.11358412874381543e+01
 2.83307128232658079e-01, 6.27500000000000000e+01,-9.94473850940769954e-02,-4.15408912030632612e-08,-2.13633923335633025e-01,-1.72199141066473116e+00, 2.46668669595290713e-01, 3.01225373939475018e-03, 5.10128369279460713e-03,-5.16119948942970086e-01,-2.12709141656030540e-02, 7.41231289147853412e-01,-5.69514894304155930e-02, 1.56090615694744872e+00, 4.73979294429975866e-04,-8.11322389460692364e+01
 2.83208853083478318e-01, 6.28000000000029104e+01,-9.94478233743083112e-02,-4.15115694855152418e-08,-2.13886707849389041e-01,-1.72181029481146508e+00, 2.48268657670518283e-01, 3.02197742797938318e-03, 5.13221341578438267e-03,-5.16920702822351363e-01,-2.12703657303427787e-02, 7.41276221019428361e-01,-5.69175486853731941e-02, 1.56008642650111695e+00, 4.77363625937101592e-04,-8.11286381278781903e+01
 2.83110749004622742e-01, 6.28500000000058208e+01,-9.94482592473244914e-02,-4.14823094264658189e-08,-2.14139369766530002e-01,-1.72162925173800185e+00, 2.49867425980239810e-01, 3.03159217247398480e-03, 5.16309013511152999e-03,-5.17721468131609686e-01,-2.12698175275369515e-02, 7.41321133102678775e-01,-5.68836616601660627e-02, 1.55926813104021544e+00, 4.80749364233398421e-04,-8.11250388358949976e+01
 2.83012815717646138e-01, 6.29000000000087311e+01,-9.94486927175781549e-02,-4.14531106934769145e-08,-2.14391909049922946e-01,-1.72144828164152663e+00, 2.51464973877098208e-01, 3.04109861700805869e-03, 5.19391386983443244e-03,-5.18522244294682522e-01,-2.12692695576468943e-02, 7.41366025360362890e-01,-5.68498282721194154e-02, 1.55845126834695757e+00, 4.84136499022644741e-04,-8.11214410731485884e+01
 2.82915052944103185e-01, 6.29500000000116415e+01,-9.94491237895329672e-02,-4.14239729541533645e-08,-2.14644325662641439e-01,-1.72126738471923679e+00, 2.53061300715292925e-01, 3.05049740192195155e-03, 5.22468463906709726e-03,-5.19323030735696300e-01,-2.12687218211339603e-02, 7.41410897755241827e-01,-5.68160484385765580e-02, 1.55763583620228441e+00, 4.87525020019369834e-04,-8.11178448426679068e+01
 2.82817460405576981e-01, 6.30000000000000000e+01,-9.94495524676634046e-02,-4.13948958761513500e-08,-2.14896619567893604e-01,-1.72108656116838810e+00, 2.54656405850118339e-01, 3.05978916376595115e-03, 5.25540246197023046e-03,-5.20123826878732376e-01,-2.12681743184596275e-02, 7.41455750250067380e-01,-5.67823220769086423e-02, 1.55682183238611027e+00, 4.90914916947893438e-04,-8.11142501474829487e+01
 2.82720037823565473e-01, 6.30500000000029104e+01,-9.94499787564554621e-02,-4.13658791271445613e-08,-2.15148790729316530e-01,-1.72090581118608732e+00, 2.56250288639827462e-01, 3.06897453531296011e-03, 5.28606735778713258e-03,-5.20924632148758615e-01,-2.12676270500849196e-02, 7.41500582807633091e-01,-5.67486491044755306e-02, 1.55600925467638440e+00, 4.94306179546310457e-04,-8.11106569906205550e+01
 2.82622784919651815e-01, 6.31000000000058208e+01,-9.94504026604056818e-02,-4.13369223748749149e-08,-2.15400839110537173e-01,-1.72072513496960844e+00, 2.57842948442836173e-01, 3.07805414554393171e-03, 5.31667934578979647e-03,-5.21725445970232515e-01,-2.12670800164713181e-02, 7.41545395390696749e-01,-5.67150294386845888e-02, 1.55519810085052090e+00, 4.97698797560573334e-04,-8.11070653751107074e+01
 2.82525701415390629e-01, 6.31500000000087311e+01,-9.94508241840217772e-02,-4.13080252871186520e-08,-2.15652764675466957e-01,-1.72054453271618191e+00, 2.59434384619569025e-01, 3.08702861966039842e-03, 5.34723844531443098e-03,-5.22526267768032238e-01,-2.12665332180801657e-02, 7.41590187962031799e-01,-5.66814629969515163e-02, 1.55438836868445818e+00, 5.01092760748438710e-04,-8.11034753039823642e+01
 2.82428787032336759e-01, 6.32000000000116415e+01,-9.94512433318223837e-02,-4.12791875316948153e-08,-2.15904567388229301e-01,-1.72036400462304573e+00, 2.61024596532009046e-01, 3.09589857908374637e-03, 5.37774467575278733e-03,-5.23327096967223682e-01,-2.12659866553728018e-02, 7.41634960484415906e-01,-5.66479496967101023e-02, 1.55358005595290893e+00, 5.04488058878531050e-04,-8.10998867802644696e+01
 2.82332041492073027e-01, 6.32500000000000000e+01,-9.94516601083371005e-02,-4.12504087764735673e-08,-2.16156247213087682e-01,-1.72018355088749719e+00, 2.62613583543242379e-01, 3.10466464145461082e-03, 5.40819805654342307e-03,-5.24127932992827339e-01,-2.12654403288107044e-02, 7.41679712920615852e-01,-5.66144894554218500e-02, 1.55277316042959845e+00, 5.07884681729391151e-04,-8.10962998069869769e+01
 2.82235464516097767e-01, 6.33000000000029104e+01,-9.94520745181067534e-02,-4.12216886893426730e-08,-2.16407804114739671e-01,-1.72000317170668815e+00, 2.64201345019262290e-01, 3.11332742064435652e-03, 5.43859860720616577e-03,-5.24928775270750880e-01,-2.12648942388548971e-02, 7.41724445233440943e-01,-5.65810821905373545e-02, 1.55196767988633577e+00, 5.11282619093363761e-04,-8.10927143871767697e+01
 2.82139055825993967e-01, 6.33500000000058208e+01,-9.94524865656828683e-02,-4.11930269382577326e-08,-2.16659238057878095e-01,-1.71982286727793476e+00, 2.65787880326235126e-01, 3.12188752674213196e-03, 5.46894634728976609e-03,-5.25729623226390164e-01,-2.12643483859668719e-02, 7.41769157385664735e-01,-5.65477278195544511e-02, 1.55116361209443188e+00, 5.14681860770769238e-04,-8.10891305238638296e+01
 2.82042815143316361e-01, 6.34000000000087311e+01,-9.94528962556279622e-02,-4.11644231912086184e-08,-2.16910549007485881e-01,-1.71964263779850723e+00, 2.67373188832336572e-01, 3.13034556606681721e-03, 5.49924129640704321e-03,-5.26530476285561599e-01,-2.12638027706079646e-02, 7.41813849340076437e-01,-5.65144262599793293e-02, 1.55036095482376979e+00, 5.18082396573852754e-04,-8.10855482200770865e+01
 2.81946742189619570e-01, 6.34500000000116415e+01,-9.94533035925156128e-02,-4.11358771162278451e-08,-2.17161736928763033e-01,-1.71946248346568775e+00, 2.68957269907276697e-01, 3.13870214116621516e-03, 5.52948347422574631e-03,-5.27331333874269115e-01,-2.12632573932395007e-02, 7.41858521059469256e-01,-5.64811774293362961e-02, 1.54955970584304392e+00, 5.21484216325794094e-04,-8.10819674788454847e+01
 2.81850836686486250e-01, 6.35000000000000000e+01,-9.94537085809301391e-02,-4.11073883813988291e-08,-2.17412801787055160e-01,-1.71928240447681779e+00, 2.70540122921839210e-01, 3.14695785081657228e-03, 5.55967290045973530e-03,-5.28132195418470785e-01,-2.12627122543229859e-02, 7.41903172506625519e-01,-5.64479812451774421e-02, 1.54875986292000434e+00, 5.24887309859740220e-04,-8.10783883031990200e+01
 2.81755098355415345e-01, 6.35500000000029104e+01,-9.94541112254671428e-02,-4.10789566548226685e-08,-2.17663743548146493e-01,-1.71910240102908918e+00, 2.72121747249739199e-01, 3.15511329003427196e-03, 5.58980959490442634e-03,-5.28933060345011419e-01,-2.12621673543194230e-02, 7.41947803644370407e-01,-5.64148376250440328e-02, 1.54796142382053548e+00, 5.28291667022820293e-04,-8.10748106961645334e+01
 2.81659526917989456e-01, 6.36000000000058208e+01,-9.94545115307328420e-02,-4.10505816046679196e-08,-2.17914562177822846e-01,-1.71892247331986092e+00, 2.73702142264830806e-01, 3.16316905006302010e-03, 5.61989357738343961e-03,-5.29733928080223571e-01,-2.12616226936903109e-02, 7.41992414435492798e-01,-5.63817464865244075e-02, 1.54716438631005615e+00, 5.31697277670169113e-04,-8.10712346607720207e+01
 2.81564122095763258e-01, 6.36500000000087311e+01,-9.94549095013444601e-02,-4.10222628991373245e-08,-2.18165257642164462e-01,-1.71874262154644653e+00, 2.75281307342971182e-01, 3.17112571838569501e-03, 5.64992486778419147e-03,-5.30534798050860013e-01,-2.12610782728969785e-02, 7.42037004842797998e-01,-5.63487077472152459e-02, 1.54636874815260139e+00, 5.35104131668953631e-04,-8.10676602000504118e+01
 2.81468883610291598e-01, 6.37000000000116415e+01,-9.94553051419301698e-02,-4.09940002064761490e-08,-2.18415829907474573e-01,-1.71856284590616926e+00, 2.76859241861540706e-01, 3.17898387872367653e-03, 5.67990348604867790e-03,-5.31335669683860812e-01,-2.12605340924007652e-02, 7.42081574829094315e-01,-5.63157213247316712e-02, 1.54557450711106248e+00, 5.38512218897367894e-04,-8.10640873170286511e+01
 2.81373811183156797e-01, 6.37500000000000000e+01,-9.94556984571288161e-02,-4.09657931949802690e-08,-2.18666278940207015e-01,-1.71838314659641256e+00, 2.78435945198989343e-01, 3.18674411103663652e-03, 5.70982945216484770e-03,-5.32136542406119517e-01,-2.12599901526631628e-02, 7.42126124357180172e-01,-5.62827871367161323e-02, 1.54478166094742342e+00, 5.41921529243672437e-04,-8.10605160147367201e+01
 2.81278904535858187e-01, 6.38000000000029104e+01,-9.94560894515906513e-02,-4.09376415329634011e-08,-2.18916604707259072e-01,-1.71820352381441199e+00, 2.80011416736665519e-01, 3.19440699153348412e-03, 5.73970278620128480e-03,-5.32937415645416190e-01,-2.12594464541451811e-02, 7.42170653389896295e-01,-5.62499051008007664e-02, 1.54399020742184812e+00, 5.45332052610175482e-04,-8.10569462962014882e+01
 2.81184163389978203e-01, 6.38500000000058208e+01,-9.94564781299763362e-02,-4.09095448888062769e-08,-2.19166807175535133e-01,-1.71802397775756766e+00, 2.81585655856066430e-01, 3.20197309266086194e-03, 5.76952350825499401e-03,-5.33738288829018193e-01,-2.12589029973083155e-02, 7.42215161890047104e-01,-5.62170751346644168e-02, 1.54320014429407415e+00, 5.48743778907307658e-04,-8.10533781644529370e+01
 2.81089587467071578e-01, 6.39000000000087311e+01,-9.94568644969575505e-02,-4.08815029309237539e-08,-2.19416886312239295e-01,-1.71784450862323546e+00, 2.83158661940673795e-01, 3.20944298311423440e-03, 5.79929163848623853e-03,-5.34539161384612660e-01,-2.12583597826139087e-02, 7.42259649820453227e-01,-5.61842971559945101e-02, 1.54241146932249573e+00, 5.52156698057615228e-04,-8.10498116225199965e+01
 2.80995176488693044e-01, 6.39500000000116415e+01,-9.94572485572168680e-02,-4.08535153277730481e-08,-2.19666842084803499e-01,-1.71766511660878107e+00, 2.84730434375481178e-01, 3.21681722783750219e-03, 5.82900719710950904e-03,-5.35340032740073357e-01,-2.12578168105232793e-02, 7.42304117143938735e-01,-5.61515710824966388e-02, 1.54162418026440395e+00, 5.55570799994761213e-04,-8.10462466734316109e+01
 2.80900930176424701e-01, 6.40000000000000000e+01,-9.94576303154475760e-02,-4.08255817478617870e-08,-2.19916674460815670e-01,-1.71748580191162947e+00, 2.86300972546540800e-01, 3.22409638802299012e-03, 5.85867020438494979e-03,-5.36140902323227753e-01,-2.12572740814979261e-02, 7.42348563823318819e-01,-5.61188968319039500e-02, 1.54083827487622194e+00, 5.58986074662563056e-04,-8.10426833202177619e+01
 2.80806848251766383e-01, 6.40500000000029104e+01,-9.94580097763541615e-02,-4.07977018597154588e-08,-2.20166383408311850e-01,-1.71730656472905840e+00, 2.87870275842789625e-01, 3.23128102112195132e-03, 5.88828068065282931e-03,-5.36941769562789051e-01,-2.12567315959988658e-02, 7.42392989821447635e-01,-5.60862743219393556e-02, 1.54005375091259999e+00, 5.62402512018987688e-04,-8.10391215659053188e+01
 2.80712930436300356e-01, 6.41000000000058208e+01,-9.94583869446516028e-02,-4.07698753319262223e-08,-2.20415968895340764e-01,-1.71712740525850949e+00, 2.89438343653310504e-01, 3.23837168083397327e-03, 5.91783864628177888e-03,-5.37742633886957311e-01,-2.12561893544875938e-02, 7.42437395101146702e-01,-5.60537034703723208e-02, 1.53927060612779520e+00, 5.65820102030216497e-04,-8.10355614135242490e+01
 2.80619176451581298e-01, 6.41500000000087311e+01,-9.94587618250658279e-02,-4.07421018331202632e-08,-2.20665430890255698e-01,-1.71694832369738104e+00, 2.91005175369139502e-01, 3.24536891711734235e-03, 5.94734412170288499e-03,-5.38543494724352145e-01,-2.12556473574254355e-02, 7.42481779625252303e-01,-5.60211841949809219e-02, 1.53848883827476368e+00, 5.69238834674602452e-04,-8.10320028661035110e+01
 2.80525586019163886e-01, 6.42000000000116415e+01,-9.94591344223336032e-02,-4.07143810319659668e-08,-2.20914769361642782e-01,-1.71676932024308160e+00, 2.92570770382831802e-01, 3.25227327618928062e-03, 5.97679712740150759e-03,-5.39344351503779018e-01,-2.12551056052737337e-02, 7.42526143356603718e-01,-5.59887164135614776e-02, 1.53770844510539795e+00, 5.72658699941744516e-04,-8.10284459266720347e+01
 2.80432151432562449e-01, 6.42500000000000000e+01,-9.94595047176937141e-02,-4.06867238699850785e-08,-2.21163994158046356e-01,-1.71659037197090947e+00, 2.94135297804962281e-01, 3.25908872363456833e-03, 6.00620125650674474e-03,-5.40145260048716547e-01,-2.12545640397360479e-02, 7.42570491069558969e-01,-5.59562972914073239e-02, 1.53692936243397860e+00, 5.76080049670661220e-04,-8.10248902124775299e+01
 2.80338869801287915e-01, 6.43000000000029104e+01,-9.94598727078331440e-02,-4.06591339789376225e-08,-2.21413108746253889e-01,-1.71641147094599145e+00, 2.95698816518824570e-01, 3.26581700707262749e-03, 6.03555777883217192e-03,-5.40946239602307255e-01,-2.12540226406119290e-02, 7.42614824418634467e-01,-5.59239257792471800e-02, 1.53615156623350191e+00, 5.79503002011700361e-04,-8.10213355908914394e+01
 2.80245749352720841e-01, 6.43500000000058208e+01,-9.94602384245425741e-02,-4.06315981188195323e-08,-2.21662101794502492e-01,-1.71623264384190111e+00, 2.97261131479121643e-01, 3.27245474459130414e-03, 6.06486262036514626e-03,-5.41747225007730315e-01,-2.12534814756458815e-02, 7.42659137856899298e-01,-5.58916049472572563e-02, 1.53537512517768837e+00, 5.82927133122035650e-04,-8.10177825066985946e+01
 2.80152789763579380e-01, 6.44000000000087311e+01,-9.94606018724965846e-02,-4.06041160263414026e-08,-2.21910973336326783e-01,-1.71605389071621128e+00, 2.98822243072521310e-01, 3.27900248926947047e-03, 6.09411582203494076e-03,-5.42548216031704444e-01,-2.12529405449445839e-02, 7.42703431376197210e-01,-5.58593346968432186e-02, 1.53460003664103595e+00, 5.86352435389997221e-04,-8.10142309605993205e+01
 2.80059990710581797e-01, 6.44500000000116415e+01,-9.94609630563818570e-02,-4.05766874382494168e-08,-2.22159723405653459e-01,-1.71587521162648970e+00, 3.00382151685844145e-01, 3.28546079051656023e-03, 6.12331742477483735e-03,-5.43349212441012863e-01,-2.12523998486146837e-02, 7.42747704968373168e-01,-5.58271149294342975e-02, 1.53382629799705050e+00, 5.89778901221456407e-04,-8.10106809532939280e+01
 2.79967351870473113e-01, 6.45000000000000000e+01,-9.94613219808970772e-02,-4.05493120913332415e-08,-2.22408352036729928e-01,-1.71569660663035806e+00, 3.01940857705589316e-01, 3.29183019407359306e-03, 6.15246746951318528e-03,-5.44150214002269483e-01,-2.12518593867630258e-02, 7.42791958625260373e-01,-5.57949455464927038e-02, 1.53305390661847651e+00, 5.93206523038791299e-04,-8.10071324854837940e+01
 2.79874872919917694e-01, 6.45500000000029104e+01,-9.94616786507532685e-02,-4.05219897223941835e-08,-2.22656859264413809e-01,-1.71551807578527216e+00, 3.03498361519786486e-01, 3.29811124202412237e-03, 6.18156599720812681e-03,-5.44951220482851384e-01,-2.12513191594959350e-02, 7.42836192338732326e-01,-5.57628264494760204e-02, 1.53228285987641044e+00, 5.96635293284962596e-04,-8.10035855578671402e+01
 2.79782553535660561e-01, 6.46000000000058208e+01,-9.94620330706732919e-02,-4.04947200682929410e-08,-2.22905245123739076e-01,-1.71533961914884792e+00, 3.05054663515218705e-01, 3.30430447278558768e-03, 6.21061304879550607e-03,-5.45752231649500708e-01,-2.12507791669202528e-02, 7.42880406100624002e-01,-5.57307575398935662e-02, 1.53151315514165209e+00, 6.00065204417420811e-04,-8.10000401711453577e+01
 2.79690393394419978e-01, 6.46500000000087311e+01,-9.94623852453920404e-02,-4.04675028659176681e-08,-2.23153509650206000e-01,-1.71516123677864218e+00, 3.06609764079287195e-01, 3.31041042112045205e-03, 6.23960866522387317e-03,-5.46553247269256359e-01,-2.12502394091426405e-02, 7.42924599902785476e-01,-5.56987387192687672e-02, 1.53074478978382089e+00, 6.03496248912206842e-04,-8.09964963260187574e+01
 2.79598392172914156e-01, 6.47000000000116415e+01,-9.94627351796564946e-02,-4.04403378521919487e-08,-2.23401652879709089e-01,-1.71498292873220914e+00, 3.08163663599536786e-01, 3.31642961813721727e-03, 6.26855288744554255e-03,-5.47354267109220749e-01,-2.12496998862697559e-02, 7.42968773737067822e-01,-5.56667698891484819e-02, 1.52997776117157991e+00, 6.06928419262917638e-04,-8.09929540231876501e+01
 2.79506549547887895e-01, 6.47500000000000000e+01,-9.94630828782256116e-02,-4.04132247640826513e-08,-2.23649674848465263e-01,-1.71480469506715449e+00, 3.09716362463194006e-01, 3.32236259129172580e-03, 6.29744575640796625e-03,-5.48155290936327644e-01,-2.12491605984084300e-02, 7.43012927595309680e-01,-5.56348509511125008e-02, 1.52921206667287279e+00, 6.10361707979693770e-04,-8.09894132633533985e+01
 2.79414865196005946e-01, 6.48000000000029104e+01,-9.94634283458705609e-02,-4.03861633385683177e-08,-2.23897575593302922e-01,-1.71462653584092228e+00, 3.11267861058985906e-01, 3.32820986439730021e-03, 6.32628731308759393e-03,-5.48956318518273867e-01,-2.12486215456650085e-02, 7.43057061469390212e-01,-5.56029818067360279e-02, 1.52844770365403937e+00, 6.13796107593247140e-04,-8.09858740472142671e+01
 2.79323338794013221e-01, 6.48500000000058208e+01,-9.94637715873742251e-02,-4.03591533126864907e-08,-2.24145355151228964e-01,-1.71444845111111133e+00, 3.12818159774428783e-01, 3.33397195761751591e-03, 6.35507759843941325e-03,-5.49757349622120639e-01,-2.12480827281463155e-02, 7.43101175351151055e-01,-5.55711623576457606e-02, 1.52768466948115766e+00, 6.17231610648872166e-04,-8.09823363754716041e+01
 2.79231970018627929e-01, 6.49000000000087311e+01,-9.94641126075316157e-02,-4.03321944235021294e-08,-2.24393013559718246e-01,-1.71427044093526448e+00, 3.14367258997634458e-01, 3.33964938747625169e-03, 6.38381665343055668e-03,-5.50558384015225610e-01,-2.12475441459590159e-02, 7.43145269232447725e-01,-5.55393925054824406e-02, 1.52692296151916440e+00, 6.20668209710446058e-04,-8.09788002488257206e+01
 2.79140758546568224e-01, 6.49500000000116415e+01,-9.94644514111496514e-02,-4.03052864081154239e-08,-2.24640550856641641e-01,-1.71409250537092261e+00, 3.15915159116842481e-01, 3.34524266685891185e-03, 6.41250451903154807e-03,-5.51359421465010713e-01,-2.12470057992097741e-02, 7.43189343105136624e-01,-5.55076721519102631e-02, 1.52616257713208237e+00, 6.24105897359405548e-04,-8.09752656679769558e+01
 2.79049704054578795e-01, 6.50000000000000000e+01,-9.94647880030471443e-02,-4.02784290036696242e-08,-2.24887967080194012e-01,-1.71391464447567543e+00, 3.17461860519990202e-01, 3.35075230501420337e-03, 6.44114123620838624e-03,-5.52160461738728237e-01,-2.12464676880054076e-02, 7.43233396961062942e-01,-5.54760011986260779e-02, 1.52540351368325089e+00, 6.27544666193791708e-04,-8.09717326336266581e+01
 2.78958806219324784e-01, 6.50500000000029104e+01,-9.94651223880551466e-02,-4.02516219473197328e-08,-2.25135262269183262e-01,-1.71373685830695455e+00, 3.19007363596503501e-01, 3.35617880756356032e-03, 6.46972684595565912e-03,-5.52961504604393195e-01,-2.12459298124522758e-02, 7.43277430792111504e-01,-5.54443795473223699e-02, 1.52464576853444922e+00, 6.30984508832242849e-04,-8.09682011464730920e+01
 2.78868064717550879e-01, 6.51000000000058208e+01,-9.94654545710162846e-02,-4.02248649762793431e-08,-2.25382436462597702e-01,-1.71355914692234212e+00, 3.20551668734602779e-01, 3.36152267649474264e-03, 6.49826138924667045e-03,-5.53762549829384998e-01,-2.12453921726571994e-02, 7.43321444590129499e-01,-5.54128070997427571e-02, 1.52388933904723034e+00, 6.34425417908008531e-04,-8.09646712072175916e+01
 2.78777479225975289e-01, 6.51500000000087311e+01,-9.94657845567852444e-02,-4.01981578277894116e-08,-2.25629489699895380e-01,-1.71338151037936881e+00, 3.22094776323074872e-01, 3.36678441017111609e-03, 6.52674490706618878e-03,-5.54563597181380263e-01,-2.12448547687268396e-02, 7.43365438346978213e-01,-5.53812837576449987e-02, 1.52313422258204323e+00, 6.37867386072901808e-04,-8.09611428165605105e+01
 2.78687049421316224e-01, 6.52000000000116415e+01,-9.94661123502286054e-02,-4.01715002391259541e-08,-2.25876422020931777e-01,-1.71320394873556014e+00, 3.23636686750868319e-01, 3.37196450333367929e-03, 6.55517744040303753e-03,-5.55364646428118225e-01,-2.12443176007678647e-02, 7.43409412054520602e-01,-5.53498094228100715e-02, 1.52238041649846512e+00, 6.41310405996396954e-04,-8.09576159752021454e+01
 2.78596774980318040e-01, 6.52500000000000000e+01,-9.94664379562247153e-02,-4.01448919476077880e-08,-2.26123233465888474e-01,-1.71302646204849007e+00, 3.25177400406608141e-01, 3.37706344710235256e-03, 6.58355903024106324e-03,-5.56165697337168918e-01,-2.12437806688870919e-02, 7.43453365704606961e-01,-5.53183839970514887e-02, 1.52162791815542198e+00, 6.44754470364559029e-04,-8.09540906838438445e+01
 2.78506655579646378e-01, 6.53000000000029104e+01,-9.94667613796641203e-02,-4.01183326905655824e-08,-2.26369924075560836e-01,-1.71284905037557711e+00, 3.26716917680390073e-01, 3.38208172898504973e-03, 6.61188971759217505e-03,-5.56966749676865547e-01,-2.12432439731908770e-02, 7.43497299289128000e-01,-5.52870073821787184e-02, 1.52087672491032699e+00, 6.48199571884061285e-04,-8.09505669431839010e+01
 2.78416690896045760e-01, 6.53500000000058208e+01,-9.94670826254488993e-02,-4.00918222053882070e-08,-2.26616493890927362e-01,-1.71267171377438876e+00, 3.28255238961121354e-01, 3.38701983287228742e-03, 6.64016954344743334e-03,-5.57767803214904379e-01,-2.12427075137860376e-02, 7.43541212799937234e-01,-5.52556794800518544e-02, 1.52012683412039640e+00, 6.51645703276242864e-04,-8.09470447539236346e+01
 2.78326880606234339e-01, 6.54000000000087311e+01,-9.94674016984930798e-02,-4.00653602294917755e-08,-2.26862942953437230e-01,-1.71249445230244102e+00, 3.29792364638272162e-01, 3.39187823904583702e-03, 6.66839854880919587e-03,-5.58568857719279444e-01,-2.12421712907792416e-02, 7.43585106228900838e-01,-5.52244001925451117e-02, 1.51937824314178527e+00, 6.55092857281035679e-04,-8.09435241167633848e+01
 2.78237224386930271e-01, 6.54500000000116415e+01,-9.94677186037225131e-02,-4.00389465003273417e-08,-2.27109271304939159e-01,-1.71231726601724521e+00, 3.31328295101451897e-01, 3.39665742418067927e-03, 6.69657677468337136e-03,-5.59369912958047166e-01,-2.12416353042771573e-02, 7.43628979567888093e-01,-5.51931694215560126e-02, 1.51863094932981091e+00, 6.58541026656022017e-04,-8.09400050324034765e+01
 2.78147721914877744e-01, 6.55000000000000000e+01,-9.94680333460748328e-02,-4.00125807553885161e-08,-2.27355478987609327e-01,-1.71214015497636152e+00, 3.32863030739962873e-01, 3.40135786134680490e-03, 6.72470426207122992e-03,-5.60170968699094440e-01,-2.12410995543865985e-02, 7.43672832808755291e-01,-5.51619870690143385e-02, 1.51788495003917689e+00, 6.61990204175434910e-04,-8.09364875015452441e+01
 2.78058372866742898e-01, 6.55500000000029104e+01,-9.94683459304996770e-02,-3.99862627321808009e-08,-2.27601566044239256e-01,-1.71196311923719358e+00, 3.34396571944565846e-01, 3.40598002001763238e-03, 6.75278105200169398e-03,-5.60972024711070882e-01,-2.12405640412139281e-02, 7.43716665943398691e-01,-5.51308530368459365e-02, 1.51714024262311642e+00, 6.65440382634139541e-04,-8.09329715248869803e+01
 2.77969176919269978e-01, 6.56000000000058208e+01,-9.94686563619582298e-02,-3.99599921682675411e-08,-2.27847532517805373e-01,-1.71178615885729446e+00, 3.35928919104832302e-01, 3.41052436606530552e-03, 6.78080718548288667e-03,-5.61773080761989840e-01,-2.12400287648659564e-02, 7.43760478963677141e-01,-5.50997672270270578e-02, 1.51639682443469814e+00, 6.68891554841682598e-04,-8.09294571031300052e+01
 2.77880133749177138e-01, 6.56500000000087311e+01,-9.94689646454235132e-02,-3.99337688012392203e-08,-2.28093378451756507e-01,-1.71160927389416551e+00, 3.37460072610892281e-01, 3.41499136176896334e-03, 6.80878270353406281e-03,-5.62574136620161092e-01,-2.12394937254493550e-02, 7.43804271861463695e-01,-5.50687295415480671e-02, 1.51565469282596532e+00, 6.72343713626232810e-04,-8.09259442369746580e+01
 2.77791243033182478e-01, 6.57000000000116415e+01,-9.94692707858803732e-02,-3.99075923687211096e-08,-2.28339103889942358e-01,-1.71143246440530405e+00, 3.38990032853012102e-01, 3.41938146581679831e-03, 6.83670764717791632e-03,-5.63375192053957141e-01,-2.12389589230707852e-02, 7.43848044628632188e-01,-5.50377398824224637e-02, 1.51491384514816141e+00, 6.75796851833634438e-04,-8.09224329271212639e+01
 2.77702504448030130e-01, 6.57500000000000000e+01,-9.94695747883252712e-02,-3.98814626083808187e-08,-2.28584708876542142e-01,-1.71125573044825496e+00, 3.40518800221154050e-01, 3.42369513330804736e-03, 6.86458205743256927e-03,-5.64176246831580963e-01,-2.12384243578370713e-02, 7.43891797257045573e-01,-5.50067981516959639e-02, 1.51417427875195321e+00, 6.79250962326417829e-04,-8.09189231742711428e+01
 2.77613917670386512e-01, 6.58000000000029104e+01,-9.94698766577667010e-02,-3.98553792578978753e-08,-2.28830193456351250e-01,-1.71107907208040921e+00, 3.42046375106714984e-01, 3.42793281576075004e-03, 6.89240597534313947e-03,-5.64977300721998033e-01,-2.12378900298545656e-02, 7.43935529738604995e-01,-5.49759042514104332e-02, 1.51343599098657511e+00, 6.82706037987742664e-04,-8.09154149791226160e+01
 2.77525482376995702e-01, 6.58500000000058208e+01,-9.94701763992245358e-02,-3.98293420550092862e-08,-2.29075557674352337e-01,-1.71090248935930456e+00, 3.43572757899919867e-01, 3.43209496110807302e-03, 6.92017944193437824e-03,-5.65778353493537334e-01,-2.12373559392300890e-02, 7.43979242065175739e-01,-5.49450580836577593e-02, 1.51269897920112872e+00, 6.86162071715503362e-04,-8.09119083423769894e+01
 2.77437196255430008e-01, 6.59000000000087311e+01,-9.94704738145028439e-02,-3.98033693476280234e-08,-2.29320808404997190e-01,-1.71072595299751873e+00, 3.45098161111547841e-01, 3.43618931364164442e-03, 6.94790691694515284e-03,-5.66579454487843970e-01,-2.12368220118107701e-02, 7.44022940306211189e-01,-5.49142581665042484e-02, 1.51196322416682571e+00, 6.89619503003965017e-04,-8.09084027771746150e+01
 2.77349059847947388e-01, 6.59500000000116415e+01,-9.94707689971154052e-02,-3.97774527743889379e-08,-2.29565942737785050e-01,-1.71054947582006922e+00, 3.46622492648599734e-01, 3.44021317859675773e-03, 6.97558651183279466e-03,-5.67380581888145441e-01,-2.12362882800162418e-02, 7.44066621808762596e-01,-5.48835050048059603e-02, 1.51122873044493877e+00, 6.93078131048494180e-04,-8.09048984963705351e+01
 2.77261073685120540e-01, 6.60000000000000000e+01,-9.94710620393629563e-02,-3.97515840845315892e-08,-2.29810957792497050e-01,-1.71037307048001219e+00, 3.48145661791759375e-01, 3.44416387316401470e-03, 7.00321636871988670e-03,-5.68181714179448294e-01,-2.12357547758284977e-02, 7.44110283955874197e-01,-5.48527990949680758e-02, 1.51049550249807729e+00, 6.96537757299949315e-04,-8.09013957099463852e+01
 2.77173237435786313e-01, 6.60500000000029104e+01,-9.94713529455186901e-02,-3.97257630889696029e-08,-2.30055853645231095e-01,-1.71019673691896745e+00, 3.49667669738375764e-01, 3.44804186648315757e-03, 7.03079654494964592e-03,-5.68982851323806327e-01,-2.12352214990615788e-02, 7.44153926763334361e-01,-5.48221403337773236e-02, 1.50976353760654347e+00, 6.99998376581723231e-04,-8.08978944166812255e+01
 2.77085550768858269e-01, 6.61000000000058208e+01,-9.94716417198673181e-02,-3.96999895986663415e-08,-2.30300630372357457e-01,-1.71002047507869559e+00, 3.51188517683517665e-01, 3.45184762438841344e-03, 7.05832709780355918e-03,-5.69783993282547363e-01,-2.12346884495299808e-02, 7.44197550246894157e-01,-5.47915286180727795e-02, 1.50903283305054114e+00, 7.03459983735308953e-04,-8.08943946153571289e+01
 2.76998013353224382e-01, 6.61500000000087311e+01,-9.94719283667055698e-02,-3.96742634246047881e-08,-2.30545288050804015e-01,-1.70984428490089413e+00, 3.52708206821716386e-01, 3.45558160941644059e-03, 7.08580808453294908e-03,-5.70585140017207060e-01,-2.12341556270480604e-02, 7.44241154422316309e-01,-5.47609638447103739e-02, 1.50830338610933268e+00, 7.06922573624257380e-04,-8.08908963047551737e+01
 2.76910624857772680e-01, 6.62000000000116415e+01,-9.94722128903419711e-02,-3.96485843777950310e-08,-2.30789826757984623e-01,-1.70966816632724816e+00, 3.54226738346540726e-01, 3.45924428080897134e-03, 7.11323956235128743e-03,-5.71386291489295095e-01,-2.12336230314301468e-02, 7.44284739305362986e-01,-5.47304459105717803e-02, 1.50757519406145524e+00, 7.10386141133203131e-04,-8.08873994836564236e+01
 2.76823384951416507e-01, 6.62500000000000000e+01,-9.94724952950968022e-02,-3.96229522692816353e-08,-2.31034246571728052e-01,-1.70949211929948386e+00, 3.55744113450146615e-01, 3.46283609451532174e-03, 7.14062158842607413e-03,-5.72187447660061799e-01,-2.12330906624907632e-02, 7.44328304911783589e-01,-5.46999747125730684e-02, 1.50684825418494306e+00, 7.13850681166831630e-04,-8.08839041508429659e+01
 2.76736293302993097e-01, 6.63000000000029104e+01,-9.94727755853023754e-02,-3.95973669101139042e-08,-2.31278547570562099e-01,-1.70931614375915930e+00, 3.57260333325048252e-01, 3.46635750320022258e-03, 7.16795421991080553e-03,-5.72988608491431184e-01,-2.12325585200439232e-02, 7.44371851257364492e-01,-5.46695501476295934e-02, 1.50612256375648568e+00, 7.17316188653919704e-04,-8.08804103050938323e+01
 2.76649349581415904e-01, 6.63500000000058208e+01,-9.94730537653026464e-02,-3.95718281113905137e-08,-2.31522729833286978e-01,-1.70914023964797668e+00, 3.58775399161460284e-01, 3.46980895624106941e-03, 7.19523751389698242e-03,-5.73789773944602399e-01,-2.12320266039041465e-02, 7.44415378357853874e-01,-5.46391721127086893e-02, 1.50539812005270557e+00, 7.20782658541260475e-04,-8.08769179451911242e+01
 2.76562553455572790e-01, 6.64000000000087311e+01,-9.94733298394533533e-02,-3.95463356842296610e-08,-2.31766793439259600e-01,-1.70896440690757556e+00, 3.60289312149080720e-01, 3.47319089973590874e-03, 7.22247152744636464e-03,-5.74590943980981095e-01,-2.12314949138857727e-02, 7.44458886229012684e-01,-5.46088405047945730e-02, 1.50467492034931638e+00, 7.24250085797726738e-04,-8.08734270699159055e+01
 2.76475904594351896e-01, 6.64500000000116415e+01,-9.94736038121220162e-02,-3.95208894397765032e-08,-2.32010738468322070e-01,-1.70878864547958109e+00, 3.61802073476641839e-01, 3.47650377650590399e-03, 7.24965631758281957e-03,-5.75392118561947052e-01,-2.12309634498031446e-02, 7.44502374886600204e-01,-5.45785552208969474e-02, 1.50395296192134587e+00, 7.27718465413240961e-04,-8.08699376780492400e+01
 2.76389402666666284e-01, 6.65000000000000000e+01,-9.94738756876878544e-02,-3.94954891892105152e-08,-2.32254565000731050e-01,-1.70861295530565993e+00, 3.63313684331466713e-01, 3.47974802609796966e-03, 7.27679194128439191e-03,-5.76193297648621261e-01,-2.12304322114707719e-02, 7.44545844346363839e-01,-5.45483161580598078e-02, 1.50323224204334571e+00, 7.31187792397753103e-04,-8.08664497683732151e+01
 2.76303047341353636e-01, 6.65500000000029104e+01,-9.94741454705420497e-02,-3.94701347437159167e-08,-2.32498273117441201e-01,-1.70843733632731221e+00, 3.64824145901238184e-01, 3.48292408479221197e-03, 7.30387845551505252e-03,-5.76994481202798171e-01,-2.12299011987026852e-02, 7.44589294624088072e-01,-5.45181232133263444e-02, 1.50251275798856576e+00, 7.34658061785292498e-04,-8.08629633396668623e+01
 2.76216838287327071e-01, 6.66000000000058208e+01,-9.94744131650872609e-02,-3.94448259145259823e-08,-2.32741862899679103e-01,-1.70826178848618127e+00, 3.66333459371343928e-01, 3.48603238559970713e-03, 7.33091591717702565e-03,-5.77795669185546146e-01,-2.12293704113133870e-02, 7.44632725735518419e-01,-5.44879762837916365e-02, 1.50179450703021478e+00, 7.38129268627874631e-04,-8.08594783907122832e+01
 2.76130775173474674e-01, 6.66500000000087311e+01,-9.94746787757379985e-02,-3.94195625128934092e-08,-2.32985334429227420e-01,-1.70808631172384651e+00, 3.67841625926658033e-01, 3.48907335827009510e-03, 7.35790438314283275e-03,-5.78596861558141717e-01,-2.12288398491172273e-02, 7.44676137696412943e-01,-5.44578752665672919e-02, 1.50107748644063133e+00, 7.41601407999577201e-04,-8.08559949202905415e+01
 2.76044857668684418e-01, 6.67000000000116415e+01,-9.94749423069203470e-02,-3.93943443500977347e-08,-2.33228687788353456e-01,-1.70791090598187534e+00, 3.69348646751091358e-01, 3.49204742929410620e-03, 7.38484391024719997e-03,-5.79398058281834549e-01,-2.12283095119285489e-02, 7.44719530522529483e-01,-5.44278200587905159e-02, 1.50036169349149717e+00, 7.45074474995506227e-04,-8.08525129271827012e+01
 2.75959085441869256e-01, 6.67500000000000000e+01,-9.94752037630721037e-02,-3.93691712374525957e-08,-2.33471923059738296e-01,-1.70773557120187491e+00, 3.70854523027149996e-01, 3.49495502190627205e-03, 7.41173455527916174e-03,-5.80199259317615401e-01,-2.12277793995618511e-02, 7.44762904229612444e-01,-5.43978105576325283e-02, 1.49964712545405310e+00, 7.48548464730771149e-04,-8.08490324101708495e+01
 2.75873458161867147e-01, 6.68000000000029104e+01,-9.94754631486428897e-02,-3.93440429862764270e-08,-2.33715040326760076e-01,-1.70756030732528785e+00, 3.72359255937699751e-01, 3.49779655609197158e-03, 7.43857637501362749e-03,-5.81000464627148272e-01,-2.12272495118311783e-02, 7.44806258833443979e-01,-5.43678466602636259e-02, 1.49893377959827334e+00, 7.52023372344549825e-04,-8.08455533680340181e+01
 2.75787975497591209e-01, 6.68500000000058208e+01,-9.94757204680938173e-02,-3.93189594079363876e-08,-2.33958039673068552e-01,-1.70738511429369710e+00, 3.73862846663317649e-01, 3.50057244858573277e-03, 7.46536942616399940e-03,-5.81801674171371963e-01,-2.12267198485510261e-02, 7.44849594349767274e-01,-5.43379282639059186e-02, 1.49822165319412193e+00, 7.55499192993975264e-04,-8.08420757995543084e+01
 2.75702637117929361e-01, 6.69000000000087311e+01,-9.94759757258976141e-02,-3.92939203138189591e-08,-2.34200921182868921e-01,-1.70720999204862434e+00, 3.75365296384068237e-01, 3.50328311287843299e-03, 7.49211376541401766e-03,-5.82602887911431999e-01,-2.12261904095357445e-02, 7.44892910794338392e-01,-5.43080552657978569e-02, 1.49751074351072377e+00, 7.58975921858224905e-04,-8.08385997035127843e+01
 2.75617442691769632e-01, 6.69500000000116415e+01,-9.94762289265387067e-02,-3.92689255153373647e-08,-2.34443684940850189e-01,-1.70703494053157812e+00, 3.76866606279057048e-01, 3.50592895921989856e-03, 7.51880944940971473e-03,-5.83404105808447926e-01,-2.12256611945996730e-02, 7.44936208182912285e-01,-5.42782275632032810e-02, 1.49680104781658119e+00, 7.62453554137483688e-04,-8.08351250786905098e+01
 2.75532391888024697e-01, 6.70000000000000000e+01,-9.94764800745130545e-02,-3.92439748239386888e-08,-2.34686331032114781e-01,-1.70685995968410742e+00, 3.78366777525987685e-01, 3.50851039462166895e-03, 7.54545653475158663e-03,-5.84205327823280052e-01,-2.12251322035573210e-02, 7.44979486531231472e-01,-5.42484450534199414e-02, 1.49609256337978613e+00, 7.65932085051915473e-04,-8.08316519238695719e+01
 2.75447484375533125e-01, 6.70500000000029104e+01,-9.94767291743283433e-02,-3.92190680510748663e-08,-2.34928859542460816e-01,-1.70668504944759514e+00, 3.79865811302918965e-01, 3.51102782286362783e-03, 7.57205507802579704e-03,-5.85006553917461924e-01,-2.12246034362227227e-02, 7.45022745855074997e-01,-5.42187076337448254e-02, 1.49538528746720178e+00, 7.69411509845728471e-04,-8.08281802378290166e+01
 2.75362719823207591e-01, 6.71000000000058208e+01,-9.94769762305036803e-02,-3.91942050082462323e-08,-2.35171270557958279e-01,-1.70651020976356693e+00, 3.81363708785643796e-01, 3.51348164449301901e-03, 7.59860513575764517e-03,-5.85807784051801561e-01,-2.12240748924103773e-02, 7.45065986170184269e-01,-5.41890152015261292e-02, 1.49467921734570597e+00, 7.72891823781093846e-04,-8.08247100193509169e+01
 2.75278097899936181e-01, 6.71500000000087311e+01,-9.94772212475697887e-02,-3.91693855069723719e-08,-2.35413564165231265e-01,-1.70633544057348474e+00, 3.82860471149427561e-01, 3.51587225683093040e-03, 7.62510676444241690e-03,-5.86609018187314035e-01,-2.12235465719346345e-02, 7.45109207492312908e-01,-5.41593676541285082e-02, 1.49397435028137249e+00, 7.76373022142170599e-04,-8.08212412672163509e+01
 2.75193618274606866e-01, 6.72000000000116415e+01,-9.94774642300689238e-02,-3.91446093587994526e-08,-2.35655740451387374e-01,-1.70616074181879918e+00, 3.84356099568584686e-01, 3.51820005397519104e-03, 7.65156002053791768e-03,-5.87410256284987775e-01,-2.12230184746098373e-02, 7.45152409837213203e-01,-5.41297648889418614e-02, 1.49327068353968473e+00, 7.79855100234116668e-04,-8.08177739802063826e+01
 2.75109280616132101e-01, 6.72500000000000000e+01,-9.94777051825548320e-02,-3.91198763753073179e-08,-2.35897799503947042e-01,-1.70598611344100082e+00, 3.85850595216032377e-01, 3.52046542680313403e-03, 7.67796496045654916e-03,-5.88211498305552416e-01,-2.12224906002504883e-02, 7.45195593220625119e-01,-5.41002068033897138e-02, 1.49256821438574327e+00, 7.83338053382045055e-04,-8.08143081571030990e+01
 2.75025084593350844e-01, 6.73000000000029104e+01,-9.94779441095929307e-02,-3.90951863680807084e-08,-2.36139741411125259e-01,-1.70581155538141460e+00, 3.87343959265043336e-01, 3.52266876297786758e-03, 7.70432164059633041e-03,-5.89012744210410721e-01,-2.12219629486706286e-02, 7.45238757658325812e-01,-5.40706932948950073e-02, 1.49186694008345877e+00, 7.86821876935101623e-04,-8.08108437966855462e+01
 2.74941029875175658e-01, 6.73500000000058208e+01,-9.94781810157599616e-02,-3.90705391487524205e-08,-2.36381566261408743e-01,-1.70563706758150757e+00, 3.88836192886623799e-01, 3.52481044694771210e-03, 7.73063011729452094e-03,-5.89813993960239813e-01,-2.12214355196847608e-02, 7.45281903166053694e-01,-5.40412242609314072e-02, 1.49116685789678094e+00, 7.90306566260350627e-04,-8.08073808977358112e+01
 2.74857116130494517e-01, 6.74000000000087311e+01,-9.94784159056441991e-02,-3.90459345289744478e-08,-2.36623274143837437e-01,-1.70546264998268304e+00, 3.90327297251273020e-01, 3.52689085995255532e-03, 7.75689044685880236e-03,-5.90615247515923203e-01,-2.12209083131072208e-02, 7.45325029759560054e-01,-5.40117995989891908e-02, 1.49046796508888924e+00, 7.93792116746865842e-04,-8.08039194590349439e+01
 2.74773343028195449e-01, 6.74500000000116415e+01,-9.94786487838453942e-02,-3.90213723204252073e-08,-2.36864865147934173e-01,-1.70528830252633323e+00, 3.91817273528517918e-01, 3.52891038002640413e-03, 7.78310268555895343e-03,-5.91416504838318646e-01,-2.12203813287523586e-02, 7.45368137454594737e-01,-5.39824192065834554e-02, 1.48977025892240245e+00, 7.97278523804646473e-04,-8.08004594793640365e+01
 2.74689710237190743e-01, 6.75000000000000000e+01,-9.94788796549746640e-02,-3.89968523348166004e-08,-2.37106339363634205e-01,-1.70511402515389054e+00, 3.93306122886516563e-01, 3.53086938200066402e-03, 7.80926688962000053e-03,-5.92217765888024106e-01,-2.12198545664346802e-02, 7.45411226266896043e-01,-5.39530829812629939e-02, 1.48907373665958676e+00, 8.00765782863674218e-04,-8.07970009575051478e+01
 2.74606223774315095e-01, 6.75500000000029104e+01,-9.94791081957728252e-02,-3.89723814420842486e-08,-2.37347697655942047e-01,-1.70493979716742938e+00, 3.94793993375298913e-01, 3.53277710217978543e-03, 7.83538613511435174e-03,-5.93019021341322561e-01,-2.12193279739746714e-02, 7.45454300465169251e-01,-5.39237920334069490e-02, 1.48837844842805800e+00, 8.04254189531361323e-04,-8.07935435508673692e+01
 2.74522878090521061e-01, 6.76000000000058208e+01,-9.94793346802869127e-02,-3.89479536519232496e-08,-2.37588939484097705e-01,-1.70476563547258286e+00, 3.96280765319720396e-01, 3.53462667630192974e-03, 7.86145799178762997e-03,-5.93820278785540334e-01,-2.12188015939246688e-02, 7.45497356569156833e-01,-5.38945452637224418e-02, 1.48768434803093363e+00, 8.07743492735793229e-04,-8.07900875388332622e+01
 2.74439672364322762e-01, 6.76500000000087311e+01,-9.94795591384736860e-02,-3.89235682308181784e-08,-2.37830064880534653e-01,-1.70459154160493309e+00, 3.97766428520241855e-01, 3.53641779422849854e-03, 7.88748228175798795e-03,-5.94621538897688318e-01,-2.12182754301155491e-02, 7.45540394266039019e-01,-5.38653424761422889e-02, 1.48699142864431999e+00, 8.11233664814168197e-04,-8.07866329465548745e+01
 2.74356606283048587e-01, 6.77000000000116415e+01,-9.94797815740233460e-02,-3.88992250110364410e-08,-2.38071073940099520e-01,-1.70441751544573528e+00, 3.99250984553114974e-01, 3.53815085148194604e-03, 7.91345906929457818e-03,-5.95422801610747787e-01,-2.12177494822106162e-02, 7.45583413583896348e-01,-5.38361835718344922e-02, 1.48629968768130949e+00, 8.14724702177911154e-04,-8.07831797718215938e+01
 2.74273679534051018e-01, 6.77500000000000000e+01,-9.94800019906368904e-02,-3.88749238248769949e-08,-2.38311966758072230e-01,-1.70424355687628371e+00, 4.00734434992625232e-01, 3.53982624068875911e-03, 7.93938841859951130e-03,-5.96224066857412693e-01,-2.12172237498733304e-02, 7.45626414550794925e-01,-5.38070684520005338e-02, 1.48560912255465238e+00, 8.18216601259163091e-04,-8.07797280124238739e+01
 2.74190891804610259e-01, 6.78000000000029104e+01,-9.94802203920263223e-02,-3.88506645046420604e-08,-2.38552743430446162e-01,-1.70406966577770103e+00, 4.02216781412870428e-01, 3.54144435158535971e-03, 7.96527039383912623e-03,-5.97025334571020028e-01,-2.12166982327667078e-02, 7.45669397194837602e-01,-5.37779970178413544e-02, 1.48491973067596139e+00, 8.21709358514946032e-04,-8.07762776661490989e+01
 2.74108242782078737e-01, 6.78500000000058208e+01,-9.94804367819143165e-02,-3.88264468826795377e-08,-2.38793404053507019e-01,-1.70389584203124689e+00, 4.03698025385135051e-01, 3.54300557101837549e-03, 7.99110505909799741e-03,-5.97826604684151941e-01,-2.12161729305541946e-02, 7.45712361544088043e-01,-5.37489691706082712e-02, 1.48423150945692095e+00, 8.25202970420981234e-04,-8.07728287307876940e+01
 2.74025732153784951e-01, 6.79000000000087311e+01,-9.94806511640344560e-02,-3.88022707913546251e-08,-2.39033948724113016e-01,-1.70372208551811455e+00, 4.05178168479632672e-01, 3.54451028295022950e-03, 8.01689247840946771e-03,-5.98627877129568997e-01,-2.12156478428991019e-02, 7.45755307626621122e-01,-5.37199848115689563e-02, 1.48354445630849185e+00, 8.28697433475773272e-04,-8.07693812041290755e+01
 2.73943359607057235e-01, 6.79500000000116415e+01,-9.94808635421311066e-02,-3.87781360630569395e-08,-2.39274377539624494e-01,-1.70354839611948305e+00, 4.06657212265067680e-01, 3.54595886846206798e-03, 8.04263271574796705e-03,-5.99429151839976027e-01,-2.12151229694647545e-02, 7.45798235470510162e-01,-5.36910438420160063e-02, 1.48285856864111398e+00, 8.32192744199569635e-04,-8.07659350839626740e+01
 2.73861124829247959e-01, 6.80000000000000000e+01,-9.94810739199593619e-02,-3.87540425302074112e-08,-2.39514690597833563e-01,-1.70337477371656232e+00, 4.08135158308227441e-01, 3.54735170575705546e-03, 8.06832583502201973e-03,-6.00230428747789202e-01,-2.12145983099146021e-02, 7.45841145103815495e-01,-5.36621461632752136e-02, 1.48217384386491569e+00, 8.35688899133379742e-04,-8.07624903680788861e+01
 2.73779027507637662e-01, 6.80500000000029104e+01,-9.94812823012853342e-02,-3.87299900252303390e-08,-2.39754887997243621e-01,-1.70320121819039705e+00, 4.09612008175666564e-01, 3.54868917016511231e-03, 8.09397190010341730e-03,-6.01031707786068625e-01,-2.12140738639116436e-02, 7.45884036554632202e-01,-5.36332916766718709e-02, 1.48149027938891886e+00, 8.39185894842957108e-04,-8.07590470542651531e+01
 2.73697067329578603e-01, 6.81000000000058208e+01,-9.94814886898856415e-02,-3.87059783805952782e-08,-2.39994969836649391e-01,-1.70302772942216585e+00, 4.11087763431177478e-01, 3.54997163414441782e-03, 8.11957097478342889e-03,-6.01832988887119558e-01,-2.12135496311193564e-02, 7.45926909851018061e-01,-5.36044802835813072e-02, 1.48080787262224067e+00, 8.42683727912793838e-04,-8.07556051403118573e+01
 2.73615243982399226e-01, 6.81500000000087311e+01,-9.94816930895477541e-02,-3.86820074287891156e-08,-2.40234936215416223e-01,-1.70285430729298404e+00, 4.12562425637456931e-01, 3.55119946728600774e-03, 8.14512312280160806e-03,-6.02634271983425007e-01,-2.12130256112010376e-02, 7.45969765021040621e-01,-5.35757118853951581e-02, 1.48012662097330328e+00, 8.46182394950061598e-04,-8.07521646240084436e+01
 2.73533557153427920e-01, 6.82000000000116415e+01,-9.94818955040699254e-02,-3.86580770023229308e-08,-2.40474787233410064e-01,-1.70268095168394695e+00, 4.14035996355715974e-01, 3.55237303631717339e-03, 8.17062840783917312e-03,-6.03435557007412360e-01,-2.12125018038200018e-02, 7.46012602092767207e-01,-5.35469863835297960e-02, 1.47944652185003922e+00, 8.49681892583671497e-04,-8.07487255031443283e+01
 2.73452006530016833e-01, 6.82500000000000000e+01,-9.94820959372609698e-02,-3.86341869337389853e-08,-2.40714522990927188e-01,-1.70250766247618612e+00, 4.15508477145249966e-01, 3.55349270510456859e-03, 8.19608689351156335e-03,-6.04236843891220121e-01,-2.12119782086397091e-02, 7.46055421094251048e-01,-5.35183036794344910e-02, 1.47876757266009107e+00, 8.53182217463238570e-04,-8.07452877755099081e+01
 2.73370591799446894e-01, 6.83000000000029104e+01,-9.94822943929406928e-02,-3.86103370555828690e-08,-2.40954143588973158e-01,-1.70233443955066610e+00, 4.16979869565131278e-01, 3.55455883465873859e-03, 8.22149864339766744e-03,-6.05038132567631282e-01,-2.12114548253231582e-02, 7.46098222053581117e-01,-5.34896636745582424e-02, 1.47808977081003046e+00, 8.56683366263102865e-04,-8.07418514388926098e+01
 2.73289312649070193e-01, 6.83500000000058208e+01,-9.94824908749393777e-02,-3.85865272004452298e-08,-2.41193649128843585e-01,-1.70216128278848644e+00, 4.18450175171660055e-01, 3.55557178313578885e-03, 8.24686372099581871e-03,-6.05839422968672658e-01,-2.12109316535338231e-02, 7.46141004998807533e-01,-5.34610662703995584e-02, 1.47741311370654604e+00, 8.60185335676251516e-04,-8.07384164910828446e+01
 2.73208168766215176e-01, 6.84000000000087311e+01,-9.94826853870980216e-02,-3.85627572009338551e-08,-2.41433039712403180e-01,-1.70198819207068053e+00, 4.19919395520064076e-01, 3.55653190584198555e-03, 8.27218218975317096e-03,-6.06640715026549815e-01,-2.12104086929350080e-02, 7.46183769957992182e-01,-5.34325113684733510e-02, 1.47673759875566057e+00, 8.63688122418352624e-04,-8.07349829298700428e+01
 2.73127159838210232e-01, 6.84500000000116415e+01,-9.94828779332683072e-02,-3.85390268896806527e-08,-2.41672315442015506e-01,-1.70181516727826487e+00, 4.21387532164092193e-01, 3.55743955523703421e-03, 8.29745411305874217e-03,-6.07442008673412026e-01,-2.12098859431900169e-02, 7.46226516959195063e-01,-5.34039988703188945e-02, 1.47606322336293250e+00, 8.67191723226771452e-04,-8.07315507530436065e+01
 2.73046285552407231e-01, 6.85000000000000000e+01,-9.94830685173125756e-02,-3.85153360993485199e-08,-2.41911476420473170e-01,-1.70164220829229285e+00, 4.22854586655564912e-01, 3.55829508093703567e-03, 8.32267955423564472e-03,-6.08243303841119909e-01,-2.12093634039623204e-02, 7.46269246030462297e-01,-5.33755286775084090e-02, 1.47538998493365781e+00, 8.70696134859493269e-04,-8.07281199583939610e+01
 2.72965545596087600e-01, 6.85500000000029104e+01,-9.94832571431038537e-02,-3.84916846626036892e-08,-2.42150522751275882e-01,-1.70146931499364751e+00, 4.24320560546096848e-01, 3.55909882971898765e-03, 8.34785857657074741e-03,-6.09044600462177566e-01,-2.12088410749149102e-02, 7.46311957199876530e-01,-5.33471006916136498e-02, 1.47471788087209266e+00, 8.74201354099221747e-04,-8.07246905437085331e+01
 2.72884939656603154e-01, 6.86000000000058208e+01,-9.94834438145257155e-02,-3.84680724121571469e-08,-2.42389454538212368e-01,-1.70129648726334848e+00, 4.25785455384549982e-01, 3.55985114552281965e-03, 8.37299124327096043e-03,-6.09845898468334369e-01,-2.12083189557112639e-02, 7.46354650495481553e-01,-5.33187148142556661e-02, 1.47404690858263110e+00, 8.77707377747283463e-04,-8.07212625067777054e+01
 2.72804467421282393e-01, 6.86500000000087311e+01,-9.94836285354723932e-02,-3.84444991807369656e-08,-2.42628271885638763e-01,-1.70112372498235165e+00, 4.27249272718695228e-01, 3.56055236945536282e-03, 8.39807761749167096e-03,-6.10647197791517216e-01,-2.12077970460146856e-02, 7.46397325945332146e-01,-5.32903709470718134e-02, 1.47337706546903102e+00, 8.81214202627594455e-04,-8.07178358453909368e+01
 2.72724128577453706e-01, 6.87000000000116415e+01,-9.94838113098486659e-02,-3.84209648010951862e-08,-2.42866974898408361e-01,-1.70095102803159093e+00, 4.28712014094854599e-01, 3.56120283979407658e-03, 8.42311776233083294e-03,-6.11448498363596493e-01,-2.12072753454884723e-02, 7.46439983577481758e-01,-5.32620689917235809e-02, 1.47270834893461156e+00, 8.84721825585779199e-04,-8.07144105573376009e+01
 2.72643922812468742e-01, 6.87500000000000000e+01,-9.94839921415698741e-02,-3.83974691060146340e-08,-2.43105563681802472e-01,-1.70077839629204153e+00, 4.30173681057404722e-01, 3.56180289198961908e-03, 8.44811174082024836e-03,-6.12249800116154375e-01,-2.12067538537960981e-02, 7.46482623419969626e-01,-5.32338088499053133e-02, 1.47204075638245335e+00, 8.88230243487985144e-04,-8.07109866404081515e+01
 2.72563849813609316e-01, 6.88000000000029104e+01,-9.94841710345620994e-02,-3.83740119282815489e-08,-2.43344038341806845e-01,-1.70060582964450679e+00, 4.31634275150549640e-01, 3.56235285867051313e-03, 8.47305961595614700e-03,-6.13051102981416407e-01,-2.12062325706005687e-02, 7.46525245500871737e-01,-5.32055904233108279e-02, 1.47137428521462943e+00, 8.91739453225111420e-04,-8.07075640923899726e+01
 2.72483909268227076e-01, 6.88500000000058208e+01,-9.94843479927617624e-02,-3.83505931007265803e-08,-2.43582398984695886e-01,-1.70043332796992908e+00, 4.33093797915701240e-01, 3.56285306964485449e-03, 8.49796145065416161e-03,-6.13852406890853186e-01,-2.12057114955653409e-02, 7.46567849848224552e-01,-5.31774136136829861e-02, 1.47070893283337090e+00, 8.95249451706524595e-04,-8.07041429110735180e+01
 2.72404100863650467e-01, 6.89000000000087311e+01,-9.94845230201159142e-02,-3.83272124561973914e-08,-2.43820645717309159e-01,-1.70026089114918100e+00, 4.34552250893245728e-01, 3.56330385190493319e-03, 8.52281730777979668e-03,-6.14653711776112055e-01,-2.12051906283537220e-02, 7.46610436490076745e-01,-5.31492783227807478e-02, 1.47004469664029958e+00, 8.98760235864273609e-04,-8.07007230942481755e+01
 2.72324424287207933e-01, 6.89500000000116415e+01,-9.94846961205821251e-02,-3.83038698275655010e-08,-2.44058778646982166e-01,-1.70008851906312053e+00, 4.36009635622077729e-01, 3.56370552963003072e-03, 8.54762725014032720e-03,-6.15455017568785179e-01,-2.12046699686290301e-02, 7.46653005454474661e-01,-5.31211844523872614e-02, 1.46938157403662673e+00, 9.02271802651969474e-04,-8.06973046397033613e+01
 2.72244879226250902e-01, 6.90000000000000000e+01,-9.94848672981284432e-02,-3.82805650477330006e-08,-2.44296797881476763e-01,-1.69991621159264028e+00, 4.37465953639184002e-01, 3.56405842418970999e-03, 8.57239134047776269e-03,-6.16256324200175065e-01,-2.12041495160547114e-02, 7.46695556769451096e-01,-5.30931319043181013e-02, 1.46871956242334600e+00, 9.05784149043768077e-04,-8.06938875452295008e+01
 2.72165465368061577e-01, 6.90500000000029104e+01,-9.94850365567334777e-02,-3.82572979496054625e-08,-2.44534703529257630e-01,-1.69974396861846855e+00, 4.38921206481351633e-01, 3.56436285414764775e-03, 8.59710964149795927e-03,-6.17057631602228152e-01,-2.12036292702937890e-02, 7.46738090463074600e-01,-5.30651205803885292e-02, 1.46805865920047540e+00, 9.09297272038478541e-04,-8.06904718086140207e+01
 2.72086182399991494e-01, 6.91000000000058208e+01,-9.94852039003862737e-02,-3.82340683661325113e-08,-2.44772495699076637e-01,-1.69957179002146463e+00, 4.40375395682620296e-01, 3.56461913526428132e-03, 8.62178221582728457e-03,-6.17858939706135368e-01,-2.12031092310097161e-02, 7.46780606563375970e-01,-5.30371503824624141e-02, 1.46739886176821210e+00, 9.12811168653406696e-04,-8.06870574276473320e+01
 2.72007031092478757e-01, 6.91500000000087311e+01,-9.94853692969596554e-02,-3.82108775179329609e-08,-2.45010174175995271e-01,-1.69939967450818008e+00, 4.41828530946246190e-01, 3.56482878492983242e-03, 8.64640928975799090e-03,-6.18660250157988645e-01,-2.12025893949425275e-02, 7.46823105337383164e-01,-5.30092214846131851e-02, 1.46674017653953159e+00, 9.16325849858686523e-04,-8.06836443809257560e+01
 2.71928016224495472e-01, 6.92000000000116415e+01,-9.94855325805740626e-02,-3.81877317610232708e-08,-2.45247737545878780e-01,-1.69922761643905473e+00, 4.43280652191692159e-01, 3.56499780360838110e-03, 8.67099169456641075e-03,-6.19461570948719453e-01,-2.12020697480130443e-02, 7.46865587936603070e-01,-5.29813350682380932e-02, 1.46608264328326832e+00, 9.19841378150839111e-04,-8.06802325760106953e+01
 2.71849131957149270e-01, 6.92500000000000000e+01,-9.94856939395238477e-02,-3.81646238480475738e-08,-2.45485187573499103e-01,-1.69905562168610391e+00, 4.44731719242543844e-01, 3.56512037872975087e-03, 8.69552865658659163e-03,-6.20262893258605619e-01,-2.12015503048001604e-02, 7.46908053169644925e-01,-5.29534896464270433e-02, 1.46542621340889268e+00, 9.23357679487864062e-04,-8.06768221086216499e+01
 2.71770377996839951e-01, 6.93000000000029104e+01,-9.94858533771883491e-02,-3.81415536364526402e-08,-2.45722524364118122e-01,-1.69888369010921014e+00, 4.46181733767410660e-01, 3.56519684291111121e-03, 8.72002024091451770e-03,-6.21064217049184464e-01,-2.12010310649152767e-02, 7.46950501068781358e-01,-5.29256851259031352e-02, 1.46477088447314152e+00, 9.26874751209432824e-04,-8.06734129762072740e+01
 2.71691754050036205e-01, 6.93500000000058208e+01,-9.94860108969566476e-02,-3.81185209837264472e-08,-2.45959748023283936e-01,-1.69871182156839007e+00, 4.47630697431980140e-01, 3.56522752623956302e-03, 8.74446651255924787e-03,-6.21865542281222594e-01,-2.12005120279702627e-02, 7.46992931666246585e-01,-5.28979214134370629e-02, 1.46411665403293489e+00, 9.30392590673169168e-04,-8.06700051762191919e+01
 2.71613259823183684e-01, 6.94000000000087311e+01,-9.94861665022277880e-02,-3.80955257473711598e-08,-2.46196858657107054e-01,-1.69854001592359327e+00, 4.49078611900699975e-01, 3.56521275627535343e-03, 8.76886753647136523e-03,-6.22666868915648819e-01,-2.11999931935768250e-02, 7.47035344994285366e-01,-5.28701984158147925e-02, 1.46346351964461463e+00, 9.33911195258714305e-04,-8.06665987061080472e+01
 2.71534895022728207e-01, 6.94500000000116415e+01,-9.94863201964106547e-02,-3.80725677849099268e-08,-2.46433856372191368e-01,-1.69836827303475424e+00, 4.50525478836350135e-01, 3.56515285805490776e-03, 8.79322337753574504e-03,-6.23468196913321115e-01,-2.11994745613466803e-02, 7.47077741085140690e-01,-5.28425160398456745e-02, 1.46281147886414264e+00, 9.37430562366679213e-04,-8.06631935633245121e+01
 2.71456659355138186e-01, 6.95000000000000000e+01,-9.94864719829239158e-02,-3.80496469538934323e-08,-2.46670741275563987e-01,-1.69819659276183632e+00, 4.51971299899658063e-01, 3.56504815409426504e-03, 8.81753410056522816e-03,-6.24269526234791927e-01,-2.11989561308916843e-02, 7.47120119971041441e-01,-5.28148741923701801e-02, 1.46216052924729234e+00, 9.40950689417686102e-04,-8.06597897453201966e+01
 2.71378552526813810e-01, 6.95500000000029104e+01,-9.94866218651963147e-02,-3.80267631118732538e-08,-2.46907513474951434e-01,-1.69802497496463789e+00, 4.53416076750953689e-01, 3.56489896439181417e-03, 8.84179977032837315e-03,-6.25070856841243638e-01,-2.11984379018232520e-02, 7.47162481684252366e-01,-5.27872727802279965e-02, 1.46151066834889720e+00, 9.44471573856393832e-04,-8.06563872495437550e+01
 2.71300574244223602e-01, 6.96000000000058208e+01,-9.94867698466661565e-02,-3.80039161164418446e-08,-2.47144173078364893e-01,-1.69785341950309165e+00, 4.54859811047635842e-01, 3.56470560643149274e-03, 8.86602045150682895e-03,-6.25872188693086806e-01,-2.11979198737532425e-02, 7.47204826256998689e-01,-5.27597117103061550e-02, 1.46086189372399167e+00, 9.47993213145318183e-04,-8.06529860734468542e+01
 2.71222724213813271e-01, 6.96500000000087311e+01,-9.94869159307817524e-02,-3.79811058252058262e-08,-2.47380720194376152e-01,-1.69768192623706105e+00, 4.56302504445893486e-01, 3.56446839518607343e-03, 8.89019620872446431e-03,-6.26673521750894635e-01,-2.11974020462933725e-02, 7.47247153721517399e-01,-5.27321908895067581e-02, 1.46021420292705773e+00, 9.51515604769001696e-04,-8.06495862144801237e+01
 2.71145002142028579e-01, 6.97000000000116415e+01,-9.94870601210011279e-02,-3.79583320957926449e-08,-2.47617154932047945e-01,-1.69751049502639284e+00, 4.57744158600261408e-01, 3.56418764312006623e-03, 8.91432710653980442e-03,-6.27474855975168611e-01,-2.11968844190553521e-02, 7.47289464110043045e-01,-5.27047102247551677e-02, 1.45956759351221987e+00, 9.55038746232923178e-04,-8.06461876700942071e+01
 2.71067407735337718e-01, 6.97500000000000000e+01,-9.94872024207920369e-02,-3.79355947858571169e-08,-2.47853477400864941e-01,-1.69733912573096557e+00, 4.59184775163210435e-01, 3.56386366019297539e-03, 8.93841320943926376e-03,-6.28276191326105682e-01,-2.11963669916510333e-02, 7.47331757454796297e-01,-5.26772696230076373e-02, 1.45892206303343475e+00, 9.58562635062484413e-04,-8.06427904377407287e+01
 2.70989940700141374e-01, 6.98000000000029104e+01,-9.94873428336322252e-02,-3.79128937530550114e-08,-2.48089687711008616e-01,-1.69716781821049389e+00, 4.60624355786813100e-01, 3.56349675386186202e-03, 8.96245458186494849e-03,-6.29077527764531852e-01,-2.11958497636918382e-02, 7.47374033788033465e-01,-5.26498689912198239e-02, 1.45827760904374859e+00, 9.62087268807071795e-04,-8.06393945148683713e+01
 2.70912600742907739e-01, 6.98500000000058208e+01,-9.94874813630090005e-02,-3.78902288550826954e-08,-2.48325785972943774e-01,-1.69699657232482393e+00, 4.62062902120243368e-01, 3.56308722908510022e-03, 8.98645128817293984e-03,-6.29878865250501518e-01,-2.11953327347896327e-02, 7.47416293141971444e-01,-5.26225082363941596e-02, 1.45763422909642482e+00, 9.65612645033927337e-04,-8.06359998989287732e+01
 2.70835387570082575e-01, 6.99000000000087311e+01,-9.94876180124195097e-02,-3.78675999496506181e-08,-2.48561772297693551e-01,-1.69682538793373250e+00, 4.63500415811465893e-01, 3.56263538832514264e-03, 9.01040339266161346e-03,-6.30680203744231394e-01,-2.11948159045561128e-02, 7.47458535548839342e-01,-5.25951872655482239e-02, 1.45699192074419925e+00, 9.69138761332263106e-04,-8.06326065873725497e+01
 2.70758300888111592e-01, 6.99500000000116415e+01,-9.94877527853706006e-02,-3.78450068944899345e-08,-2.48797646796770577e-01,-1.69665426489698246e+00, 4.64936898506773166e-01, 3.56214153155130211e-03, 9.03431095956374643e-03,-6.31481543205866580e-01,-2.11942992726030024e-02, 7.47500761040862494e-01,-5.25679059857226544e-02, 1.45635068153947178e+00, 9.72665615312129210e-04,-8.06292145776503872e+01
 2.70681340403462978e-01, 7.00000000000000000e+01,-9.94878856853788213e-02,-3.78224495473590303e-08,-2.49033409582107235e-01,-1.69648320307436684e+00, 4.66372351850431854e-01, 3.56160595624345055e-03, 9.05817405304092105e-03,-6.32282883595247869e-01,-2.11937828385421537e-02, 7.47542969650254130e-01,-5.25406643039888974e-02, 1.45571050903449883e+00, 9.76193204603514561e-04,-8.06258238672138816e+01
 2.70604505822537533e-01, 7.00500000000029104e+01,-9.94880167159705314e-02,-3.77999277660172510e-08,-2.49269060766330403e-01,-1.69631220232551461e+00, 4.67806777486302561e-01, 3.56102895739399605e-03, 9.08199273721026386e-03,-6.33084224872844104e-01,-2.11932666019849850e-02, 7.47585161409261900e-01,-5.25134621274175387e-02, 1.45507140078064778e+00, 9.79721526860329473e-04,-8.06224344535117154e+01
 2.70527796851803504e-01, 7.01000000000058208e+01,-9.94881458806817220e-02,-3.77774414082642753e-08,-2.49504600462349180e-01,-1.69614126251018682e+00, 4.69240177055356200e-01, 3.56041082751201938e-03, 9.10576707610326157e-03,-6.33885566998353522e-01,-2.11927505625433624e-02, 7.47627336350094596e-01,-5.24862993631260502e-02, 1.45443335432952581e+00, 9.83250579754285994e-04,-8.06190463339955272e+01
 2.70451213197706486e-01, 7.01500000000087311e+01,-9.94882731830580430e-02,-3.77549903319138107e-08,-2.49740028783628804e-01,-1.69597038348807483e+00, 4.70672552197354765e-01, 3.55975185662573074e-03, 9.12949713369376990e-03,-6.34686909931635457e-01,-2.11922347198289819e-02, 7.47669494504972110e-01,-5.24591759182465381e-02, 1.45379636723223271e+00, 9.86780360979009957e-04,-8.06156595061159464e+01
 2.70374754566692299e-01, 7.02000000000116415e+01,-9.94883986266548725e-02,-3.77325743948001585e-08,-2.49975345844122038e-01,-1.69579956511885710e+00, 4.72103904550406017e-01, 3.55905233228541711e-03, 9.15318297389054909e-03,-6.35488253632478850e-01,-2.11917190734535674e-02, 7.47711635906112559e-01,-5.24320916999343398e-02, 1.45316043703955655e+00, 9.90310868248945068e-04,-8.06122739673236453e+01
 2.70298420665228856e-01, 7.02500000000000000e+01,-9.94885222150371229e-02,-3.77101934547846454e-08,-2.50210551758199784e-01,-1.69562880726224230e+00, 4.73534235750588062e-01, 3.55831253956695589e-03, 9.17682466053119407e-03,-6.36289598060367112e-01,-2.11912036230289778e-02, 7.47753760585720184e-01,-5.24050466153752267e-02, 1.45252556130215948e+00, 9.93842099298399787e-04,-8.06088897150702337e+01
 2.70222211199717399e-01, 7.03000000000029104e+01,-9.94886439517795457e-02,-3.76878473697296438e-08,-2.50445646640925057e-01,-1.69545810977777212e+00, 4.74963547433588817e-01, 3.55753276107374046e-03, 9.20042225740919442e-03,-6.37090943175412039e-01,-2.11906883681666214e-02, 7.47795868576034084e-01,-5.23780405717541725e-02, 1.45189173756984369e+00, 9.97374051885594219e-04,-8.06055067468043802e+01
 2.70146125876625898e-01, 7.03500000000058208e+01,-9.94887638404663710e-02,-3.76655359975375616e-08,-2.50680630607641841e-01,-1.69528747252512324e+00, 4.76391841232210178e-01, 3.55671327694094324e-03, 9.22397582823268614e-03,-6.37892288936954599e-01,-2.11901733084783640e-02, 7.47837959909255612e-01,-5.23510734763027313e-02, 1.45125896339266536e+00, 1.00090672378648168e-03,-8.06021250599777233e+01
 2.70070164402400059e-01, 7.04000000000087311e+01,-9.94888818846914880e-02,-3.76432591961247828e-08,-2.50915503774248150e-01,-1.69511689536390486e+00, 4.77819118778038010e-01, 3.55585436483768415e-03, 9.24748543665210310e-03,-6.38693635304497520e-01,-2.11896584435759192e-02, 7.47880034617595446e-01,-5.23241452362671403e-02, 1.45062723632019908e+00, 1.00444011279886042e-03,-8.05987446520409208e+01
 2.69994326483485647e-01, 7.04500000000116415e+01,-9.94889980880583752e-02,-3.76210168234281325e-08,-2.51150266257127441e-01,-1.69494637815370686e+00, 4.79245381701047413e-01, 3.55495629997035949e-03, 9.27095114625376901e-03,-6.39494982237471477e-01,-2.11891437730709863e-02, 7.47922092733263821e-01,-5.22972557589163958e-02, 1.44999655390172655e+00, 1.00797421674138203e-03,-8.05953655204445880e+01
 2.69918611826350352e-01, 7.05000000000000000e+01,-9.94891124541800731e-02,-3.75988087374113756e-08,-2.51384918173080174e-01,-1.69477592075415440e+00, 4.80670631629148859e-01, 3.55401935508556192e-03, 9.29437302055229064e-03,-6.40296329695003275e-01,-2.11886292965754383e-02, 7.47964134288455873e-01,-5.22704049515500535e-02, 1.44936691368642379e+00, 1.01150903345242123e-03,-8.05919876626403777e+01
 2.69843020137395861e-01, 7.05500000000029104e+01,-9.94892249866793366e-02,-3.75766347960392895e-08,-2.51619459639596255e-01,-1.69460552302470635e+00, 4.82094870189885283e-01, 3.55304380047222592e-03, 9.31775112301862565e-03,-6.41097677636846774e-01,-2.11881150137006868e-02, 7.48006159315403596e-01,-5.22435927214668777e-02, 1.44873831322263436e+00, 1.01504456079426725e-03,-8.05886110760769583e+01
 2.69767551123089921e-01, 7.06000000000058208e+01,-9.94893356891883296e-02,-3.75544948573164553e-08,-2.51853890774445144e-01,-1.69443518482495370e+00, 4.83518099007921864e-01, 3.55202990396603045e-03, 9.34108551703876668e-03,-6.41899026021985675e-01,-2.11876009240585875e-02, 7.48048167846298351e-01,-5.22168189760116030e-02, 1.44811075005896939e+00, 1.01858079664689065e-03,-8.05852357582059682e+01
 2.69692204489878240e-01, 7.06500000000087311e+01,-9.94894445653487919e-02,-3.75323887792613443e-08,-2.52088211695948361e-01,-1.69426490601441948e+00, 4.84940319706726242e-01, 3.55097793095140090e-03, 9.36437626594146567e-03,-6.42700374809564656e-01,-2.11870870272608570e-02, 7.48090159913343489e-01,-5.21900836225439452e-02, 1.44748422174358238e+00, 1.02211773891208984e-03,-8.05818617064780369e+01
 2.69616979944206581e-01, 7.07000000000116415e+01,-9.94895516188120249e-02,-3.75103164199127897e-08,-2.52322422522911372e-01,-1.69409468645261096e+00, 4.86361533908131860e-01, 3.54988814436453136e-03, 9.38762343299097413e-03,-6.43501723958657013e-01,-2.11865733229191985e-02, 7.48132135548740362e-01,-5.21633865684459561e-02, 1.44685872582435460e+00, 1.02565538551240617e-03,-8.05784889183438224e+01
 2.69541877192542523e-01, 7.07500000000000000e+01,-9.94896568532388226e-02,-3.74882776373363524e-08,-2.52556523374554531e-01,-1.69392452599906762e+00, 4.87781743231950282e-01, 3.54876080469683150e-03, 9.41082708138087087e-03,-6.44303073428031170e-01,-2.11860598106454849e-02, 7.48174094784676447e-01,-5.21367277211302188e-02, 1.44623425984908094e+00, 1.02919373439013667e-03,-8.05751173912549348e+01
 2.69466895572005594e-01, 7.08000000000029104e+01,-9.94897602641668377e-02,-3.74662773412453464e-08,-2.52790513800474625e-01,-1.69375442245379482e+00, 4.89200963368353170e-01, 3.54759889478981115e-03, 9.43398754951148971e-03,-6.45104438224807564e-01,-2.11855464849609390e-02, 7.48216038069283385e-01,-5.21101068289919755e-02, 1.44561081829435656e+00, 1.03273280360716667e-03,-8.05717470892398921e+01
 2.69392034524899349e-01, 7.08500000000058208e+01,-9.94898618494678005e-02,-3.74443190026749500e-08,-2.53024393513351986e-01,-1.69358437420306496e+00, 4.90619205981657203e-01, 3.54640464765399420e-03, 9.45710509657282823e-03,-6.45905829068620485e-01,-2.11850333418362978e-02, 7.48257965732229691e-01,-5.20835236857912082e-02, 1.44498839651138411e+00, 1.03627260543177522e-03,-8.05683779858440090e+01
 2.69317294302731491e-01, 7.09000000000087311e+01,-9.94899616248401258e-02,-3.74223950233696847e-08,-2.53258163475868436e-01,-1.69341438414583467e+00, 4.92036451908719974e-01, 3.54517431148201325e-03, 9.48017937885394998e-03,-6.46707223706484369e-01,-2.11845203883962961e-02, 7.48299877191819007e-01,-5.20569784337391039e-02, 1.44436699657909084e+00, 1.03981310815442606e-03,-8.05650101278456390e+01
 2.69242674609360133e-01, 7.09500000000116415e+01,-9.94900595939274685e-02,-3.74005052967606363e-08,-2.53491823805313599e-01,-1.69324445212707397e+00, 4.93452702858432624e-01, 3.54390816172621284e-03, 9.50321046107533568e-03,-6.47508622201986905e-01,-2.11840076242169849e-02, 7.48341772483152146e-01,-5.20304709792264036e-02, 1.44374661602260934e+00, 1.04335430992400424e-03,-8.05616435124612593e+01
 2.69168175148665034e-01, 7.10000000000000000e+01,-9.94901557603828507e-02,-3.73786497163014891e-08,-2.53725374619391875e-01,-1.69307457799178196e+00, 4.94867960537537233e-01, 3.54260647161975042e-03, 9.52619840788126830e-03,-6.48310024618389158e-01,-2.11834950488745538e-02, 7.48383651641317815e-01,-5.20040012286743028e-02, 1.44312725236700623e+00, 1.04689620890838762e-03,-8.05582781369083136e+01
 2.69093795624461063e-01, 7.10500000000029104e+01,-9.94902501278690093e-02,-3.73568281754430687e-08,-2.53958816036494062e-01,-1.69290476158479208e+00, 4.96282226652265290e-01, 3.54126951217774303e-03, 9.54914328386643682e-03,-6.49111431019559482e-01,-2.11829826619447485e-02, 7.48425514701438255e-01,-5.19775690885038583e-02, 1.44250890313656877e+00, 1.05043880329853999e-03,-8.05549139984013181e+01
 2.69019535740627980e-01, 7.11000000000058208e+01,-9.94903427000580071e-02,-3.73350405676715511e-08,-2.54192148175288568e-01,-1.69273500275106947e+00, 4.97695502905877052e-01, 3.53989755220235867e-03, 9.57204515353605491e-03,-6.49912841468573199e-01,-2.11824704630037657e-02, 7.48467361698597733e-01,-5.19511744651816945e-02, 1.44189156585588529e+00, 1.05398209130233545e-03,-8.05515510941577162e+01
 2.68945395201024007e-01, 7.11500000000087311e+01,-9.94904334806314544e-02,-3.73132867864829127e-08,-2.54425371154993418e-01,-1.69256530133551153e+00, 4.99107791000300782e-01, 3.53849085828397041e-03, 9.59490408133245772e-03,-6.50714256028645632e-01,-2.11819584516276492e-02, 7.48509192667890400e-01,-5.19248172651895420e-02, 1.44127523804913249e+00, 1.05752607114864908e-03,-8.05481894213939853e+01
 2.68871373709507144e-01, 7.12000000000116415e+01,-9.94905224732803850e-02,-3.72915667253893029e-08,-2.54658485095307641e-01,-1.69239565718299678e+00, 5.00519092635739127e-01, 3.53704969480439155e-03, 9.61772013162882911e-03,-6.51515674762899843e-01,-2.11814466273924397e-02, 7.48551007644409183e-01,-5.18984973950318007e-02, 1.44065991724025477e+00, 1.06107074108635732e-03,-8.05448289773265742e+01
 2.68797470969957153e-01, 7.12500000000000000e+01,-9.94906096817053109e-02,-3.72698802779253838e-08,-2.54891490116343045e-01,-1.69222607013843751e+00, 5.01929409510229574e-01, 3.53557432393979696e-03, 9.64049336872200083e-03,-6.52317097734131601e-01,-2.11809349898743372e-02, 7.48592806663232468e-01,-5.18722147612432141e-02, 1.44004560095315282e+00, 1.06461609938322647e-03,-8.05414697591729549e+01
 2.68723686686189123e-01, 7.13000000000029104e+01,-9.94906951096161951e-02,-3.72482273376229785e-08,-2.55124386338894837e-01,-1.69205654004657924e+00, 5.03338743321322446e-01, 3.53406500566197639e-03, 9.66322385685971716e-03,-6.53118525005744299e-01,-2.11804235386490840e-02, 7.48634589759472946e-01,-5.18459692703580680e-02, 1.43943228671096768e+00, 1.06816214433010722e-03,-8.05381117641476294e+01
 2.68650020562082648e-01, 7.13500000000058208e+01,-9.94907787607324096e-02,-3.72266077980490222e-08,-2.55357173884034672e-01,-1.69188706675229650e+00, 5.04747095763599662e-01, 3.53252199774347058e-03, 9.68591166020052810e-03,-6.53919956640348077e-01,-2.11799122732928696e-02, 7.48676356968206114e-01,-5.18197608289562711e-02, 1.43881997203715772e+00, 1.07170887423469266e-03,-8.05347549894680412e+01
 2.68576472301495950e-01, 7.14000000000087311e+01,-9.94908606387826799e-02,-3.72050215527801978e-08,-2.55589852873381151e-01,-1.69171765010039965e+00, 5.06154468530317092e-01, 3.53094555575855350e-03, 9.70855684284033932e-03,-6.54721392700693072e-01,-2.11794011933817555e-02, 7.48718108324515907e-01,-5.17935893436326372e-02, 1.43820865445479096e+00, 1.07525628742563312e-03,-8.05313994323506677e+01
 2.68503041608287085e-01, 7.14500000000116415e+01,-9.94909407475052104e-02,-3.71834684954093014e-08,-2.55822423429031831e-01,-1.69154828993567885e+00, 5.07560863313007093e-01, 3.52933593308642950e-03, 9.73115946880606306e-03,-6.55522833249437165e-01,-2.11788902984917649e-02, 7.48759843863485819e-01,-5.17674547210044064e-02, 1.43759833148672134e+00, 1.07880438225151868e-03,-8.05280450900119718e+01
 2.68429728186335592e-01, 7.15000000000000000e+01,-9.94910190906475173e-02,-3.71619485195514434e-08,-2.56054885673495158e-01,-1.69137898610295689e+00, 5.08966281801061626e-01, 3.52769338091434449e-03, 9.75371960204894119e-03,-6.56324278348910939e-01,-2.11783795881991012e-02, 7.48801563620185351e-01,-5.17413568677190516e-02, 1.43698900065577795e+00, 1.08235315707981930e-03,-8.05246919596693971e+01
 2.68356531739456894e-01, 7.15500000000029104e+01,-9.94910956719665118e-02,-3.71404615188190143e-08,-2.56287239729960370e-01,-1.69120973844689271e+00, 5.10370725683366611e-01, 3.52601814823830630e-03, 9.77623730647078117e-03,-6.57125728062052494e-01,-2.11778690620795136e-02, 7.48843267629717313e-01,-5.17152956904237265e-02, 1.43638065948405047e+00, 1.08590261030099737e-03,-8.05213400385374740e+01
 2.68283451971530529e-01, 7.16000000000058208e+01,-9.94911704952285009e-02,-3.71190073868591991e-08,-2.56519485721891594e-01,-1.69104054681227334e+00, 5.11774196645860990e-01, 3.52431048186871475e-03, 9.79871264588485016e-03,-6.57927182451006676e-01,-2.11773587197091918e-02, 7.48884955927147322e-01,-5.16892710958106807e-02, 1.43577330549396498e+00, 1.08945274032233065e-03,-8.05179893238336462e+01
 2.68210488586414553e-01, 7.16500000000087311e+01,-9.94912435642090337e-02,-3.70975860173289701e-08,-2.56751623773297355e-01,-1.69087141104381833e+00, 5.13176696373175645e-01, 3.52257062643113183e-03, 9.82114568404224980e-03,-6.58728641578058549e-01,-2.11768485606641868e-02, 7.48926628547550655e-01,-5.16632829905870269e-02, 1.43516693620757185e+00, 1.09300354557203432e-03,-8.05146398127743623e+01
 2.68137641287967188e-01, 7.17000000000116415e+01,-9.94913148826930688e-02,-3.70761973039012541e-08,-2.56983654008663465e-01,-1.69070233098623102e+00, 5.14578226548201290e-01, 3.52079882436921992e-03, 9.84353648462487664e-03,-6.59530105505400033e-01,-2.11763385845205321e-02, 7.48968285526000810e-01,-5.16373312814824154e-02, 1.43456154914673073e+00, 1.09655502449816471e-03,-8.05112915025761140e+01
 2.68064909780067639e-01, 7.17500000000000000e+01,-9.94913844544747933e-02,-3.70548411402711861e-08,-2.57215576552884129e-01,-1.69053330648424649e+00, 5.15978788851713444e-01, 3.51899531594816045e-03, 9.86588511123964555e-03,-6.60331574294896639e-01,-2.11758287908544243e-02, 7.49009926897557410e-01,-5.16114158752562016e-02, 1.43395714183328882e+00, 1.10010717556764930e-03,-8.05079443904563306e+01
 2.67992293766531775e-01, 7.18000000000029104e+01,-9.94914522833577897e-02,-3.70335174201312146e-08,-2.57447391531532399e-01,-1.69036433738243508e+00, 5.17378384963980698e-01, 3.51716033925500221e-03, 9.88819162744404394e-03,-6.61133048009021063e-01,-2.11753191792416161e-02, 7.49051552697314604e-01,-5.15855366786675540e-02, 1.43335371178838122e+00, 1.10365999727035516e-03,-8.05045984736295424e+01
 2.67919792951238911e-01, 7.18500000000058208e+01,-9.94915183731548414e-02,-3.70122260372083773e-08,-2.57679099070453888e-01,-1.69019542352549546e+00, 5.18777016562333659e-01, 3.51529413020453940e-03, 9.91045609670744565e-03,-6.61934526709452409e-01,-2.11748097492583005e-02, 7.49093162960327685e-01,-5.15596935985205632e-02, 1.43275125653348900e+00, 1.10721348811290980e-03,-8.05012537493131930e+01
 2.67847407038047103e-01, 7.19000000000087311e+01,-9.94915827276880715e-02,-3.69909668852393999e-08,-2.57910699296037160e-01,-1.69002656475806123e+00, 5.20174685322789432e-01, 3.51339692253979305e-03, 9.93267858243704685e-03,-6.62736010458010671e-01,-2.11743005004805182e-02, 7.49134757721662714e-01,-5.15338865416340580e-02, 1.43214977358974016e+00, 1.11076764662281012e-03,-8.04979102147237597e+01
 2.67775135730814628e-01, 7.19500000000116415e+01,-9.94916453507887627e-02,-3.69697398579769362e-08,-2.58142192335145459e-01,-1.68985776092474649e+00, 5.21571392919660815e-01, 3.51146894783525626e-03, 9.95485914797170773e-03,-6.63537499316421697e-01,-2.11737914324843166e-02, 7.49176337016383864e-01,-5.15081154148490164e-02, 1.43154926047808928e+00, 1.11432247134741363e-03,-8.04945678670776914e+01
 2.67702978733420527e-01, 7.20000000000000000e+01,-9.94917062462974955e-02,-3.69485448491956630e-08,-2.58373578315048591e-01,-1.68968901187019815e+00, 5.22967141025130533e-01, 3.50951043549992516e-03, 9.97699785657515936e-03,-6.64338993346085815e-01,-2.11732825448458818e-02, 7.49217900879541099e-01,-5.14823801250363228e-02, 1.43094971471949384e+00, 1.11787796085284648e-03,-8.04912267035924316e+01
 2.67630935749680943e-01, 7.20500000000029104e+01,-9.94917654180641486e-02,-3.69273817526676364e-08,-2.58604857363692597e-01,-1.68952031743889974e+00, 5.24361931310878049e-01, 3.50752161277762377e-03, 9.99909477146183369e-03,-6.65140492609009870e-01,-2.11727738371409700e-02, 7.49259449346218576e-01,-5.14566805790664383e-02, 1.43035113383422141e+00, 1.12143411372813665e-03,-8.04878867214825249e+01
 2.67559006483475026e-01, 7.21000000000058208e+01,-9.94918228699476631e-02,-3.69062504621992574e-08,-2.58836029609295026e-01,-1.68935167747546111e+00, 5.25755765445672152e-01, 3.50550270475320563e-03, 1.00211499557588367e-02,-6.65941997166407562e-01,-2.11722653089457709e-02, 7.49300982451462483e-01,-5.14310166838544414e-02, 1.42975351534290085e+00, 1.12499092857906019e-03,-8.04845479179653864e+01
 2.67487190638660888e-01, 7.21500000000087311e+01,-9.94918786058162918e-02,-3.68851508716066078e-08,-2.59067095180613605e-01,-1.68918309182442905e+00, 5.27148645096956248e-01, 3.50345393435259281e-03, 1.00431634725309544e-02,-6.66743507079632369e-01,-2.11717569598363284e-02, 7.49342500230329334e-01,-5.14053883463302178e-02, 1.42915685676582460e+00, 1.12854840403217821e-03,-8.04812102902575077e+01
 2.67415487919096750e-01, 7.22000000000116415e+01,-9.94919326295474193e-02,-3.68640828747215723e-08,-2.59298054206878570e-01,-1.68901456033033082e+00, 5.28540571930476544e-01, 3.50137552234614175e-03, 1.00651353847749196e-02,-6.67545022409945399e-01,-2.11712487893886900e-02, 7.49384002717873532e-01,-5.13797954734456774e-02, 1.42856115562312969e+00, 1.13210653873386667e-03,-8.04778738355753518e+01
 2.67343898028661486e-01, 7.22500000000000000e+01,-9.94919849450276172e-02,-3.68430463653979259e-08,-2.59528906817725669e-01,-1.68884608283772586e+00, 5.29931547609862386e-01, 3.49926768735171843e-03, 1.00870657554127836e-02,-6.68346543218280909e-01,-2.11707407971790454e-02, 7.49425489949135271e-01,-5.13542379721821513e-02, 1.42796640943497288e+00, 1.13566533134923636e-03,-8.04745385511363622e+01
 2.67272420671171629e-01, 7.23000000000029104e+01,-9.94920355561526581e-02,-3.68220412374868827e-08,-2.59759653143463554e-01,-1.68867765919100798e+00, 5.31321573798256730e-01, 3.49713064583487276e-03, 1.01089546473176733e-02,-6.69148069566179671e-01,-2.11702329827831437e-02, 7.49466961959189493e-01,-5.13287157495209354e-02, 1.42737261572084284e+00, 1.13922478056629009e-03,-8.04712044341550552e+01
 2.67201055550506106e-01, 7.23500000000058208e+01,-9.94920844668273768e-02,-3.68010673848737896e-08,-2.59990293314671050e-01,-1.68850928923470289e+00, 5.32710652155870990e-01, 3.49496461211494611e-03, 1.01308021232752021e-02,-6.69949601514389537e-01,-2.11697253457771815e-02, 7.49508418783072838e-01,-5.13032287124874573e-02, 1.42677977200059969e+00, 1.14278488508965650e-03,-8.04678714818488885e+01
 2.67129802370523084e-01, 7.24000000000087311e+01,-9.94921316809657813e-02,-3.67801247014535954e-08,-2.60220827462464943e-01,-1.68834097281326767e+00, 5.34098784341632715e-01, 3.49276979836536747e-03, 1.01526082460096159e-02,-6.70751139123798690e-01,-2.11692178857371960e-02, 7.49549860455832162e-01,-5.12777767681219035e-02, 1.42618787579378892e+00, 1.14634564364478960e-03,-8.04645396914343110e+01
 2.67058657143221911e-01, 7.24500000000116415e+01,-9.94921772421584194e-02,-3.67592172539603082e-08,-2.60451256336752479e-01,-1.68817270365443539e+00, 5.35486013764410629e-01, 3.49055069954560832e-03, 1.01743739004722267e-02,-6.71552703820830321e-01,-2.11687105869684464e-02, 7.49591288259567778e-01,-5.12523586243270948e-02, 1.42559689395312161e+00, 1.14990713299624936e-03,-8.04612089598655871e+01
 2.66987620625292743e-01, 7.25000000000000000e+01,-9.94922211430912667e-02,-3.67383437460584222e-08,-2.60681579895446491e-01,-1.68800448334668873e+00, 5.36872330135323650e-01, 3.48830632870544312e-03, 1.01960989132145845e-02,-6.72354289569012664e-01,-2.11682034534018820e-02, 7.49632701873631846e-01,-5.12269745303648300e-02, 1.42500683274578077e+00, 1.15346932961557578e-03,-8.04578793129518601e+01
 2.66916694608992866e-01, 7.25500000000029104e+01,-9.94922633652908506e-02,-3.67175017110657178e-08,-2.60911797922224631e-01,-1.68783631519438471e+00, 5.38257711476456957e-01, 3.48603447778529163e-03, 1.02177828810337389e-02,-6.73155884341556043e-01,-2.11676964932517933e-02, 7.49674100627620743e-01,-5.12016250717529445e-02, 1.42441770703928006e+00, 1.15703218813809376e-03,-8.04545508046249864e+01
 2.66845878782191293e-01, 7.26000000000058208e+01,-9.94923039128905173e-02,-3.66966910609929616e-08,-2.61141910553058076e-01,-1.68766819901538345e+00, 5.39642159614230232e-01, 3.48373537357863673e-03, 1.02394258696827233e-02,-6.73957488290696127e-01,-2.11671897060281382e-02, 7.49715484561960355e-01,-5.11763101504608547e-02, 1.42382951422024329e+00, 1.16059570769784254e-03,-8.04512234316675858e+01
 2.66775172832736274e-01, 7.26500000000087311e+01,-9.94923427900332308e-02,-3.66759117078587025e-08,-2.61371917924465846e-01,-1.68750013462747916e+00, 5.41025676373520725e-01, 3.48140924091808364e-03, 1.02610279448432269e-02,-6.74759101568782160e-01,-2.11666830912407393e-02, 7.49756853717085447e-01,-5.11510296684737908e-02, 1.42324225167501406e+00, 1.16415988744925916e-03,-8.04478971908613403e+01
 2.66704576448476172e-01, 7.27000000000116415e+01,-9.94923800008712528e-02,-3.66551635636952866e-08,-2.61601820173447019e-01,-1.68733212184844761e+00, 5.42408263577273675e-01, 3.47905630267857742e-03, 1.02825891721196310e-02,-6.75560724328044371e-01,-2.11661766483994193e-02, 7.49798208133428679e-01,-5.11257835278000547e-02, 1.42265591678983072e+00, 1.16772472656616593e-03,-8.04445720789879317e+01
 2.66634089317279666e-01, 7.27500000000000000e+01,-9.94924155495663654e-02,-3.66344465405548927e-08,-2.61831617437413511e-01,-1.68716416049609563e+00, 5.43789923046096635e-01, 3.47667677978052720e-03, 1.03041096170326859e-02,-6.76362356720359936e-01,-2.11656703770141535e-02, 7.49839547851408050e-01,-5.11005716304783822e-02, 1.42207050695099912e+00, 1.17129022424070669e-03,-8.04412480928300226e+01
 2.66563711126954039e-01, 7.28000000000029104e+01,-9.94924494402897319e-02,-3.66137605504853847e-08,-2.62061309854456581e-01,-1.68699625038806111e+00, 5.45170656599891057e-01, 3.47427089118962883e-03, 1.03255893450450581e-02,-6.77163998898186681e-01,-2.11651642765944663e-02, 7.49880872911475982e-01,-5.10753938785484737e-02, 1.42148601954421538e+00, 1.17485637968754047e-03,-8.04379252291673339e+01
 2.66493441565368139e-01, 7.28500000000058208e+01,-9.94924816772219250e-02,-3.65931055055665229e-08,-2.62290897562945713e-01,-1.68682839134211005e+00, 5.46550466055414574e-01, 3.47183885392329632e-03, 1.03470284215232862e-02,-6.77965651013163417e-01,-2.11646583466503189e-02, 7.49922183354046590e-01,-5.10502501740950979e-02, 1.42090245195559128e+00, 1.17842319213754031e-03,-8.04346034847825138e+01
 2.66423280320370270e-01, 7.29000000000087311e+01,-9.94925122645528709e-02,-3.65724813178857437e-08,-2.62520380701795231e-01,-1.68666058317594292e+00, 5.47929353227895155e-01, 3.46938088305035874e-03, 1.03684269117629846e-02,-6.78767313217041979e-01,-2.11641525866915516e-02, 7.49963479219542983e-01,-5.10251404192187882e-02, 1.42031980157097593e+00, 1.18199066084194492e-03,-8.04312828564572584e+01
 2.66353227079808630e-01, 7.29500000000116415e+01,-9.94925412064819048e-02,-3.65518878995442410e-08,-2.62749759410396966e-01,-1.68649282570723869e+00, 5.49307319930648075e-01, 3.46689719169431454e-03, 1.03897848809830079e-02,-6.79568985661455738e-01,-2.11636469962279729e-02, 7.50004760548385940e-01,-5.10000645160427757e-02, 1.41973806577612738e+00, 1.18555878507135273e-03,-8.04279633409732355e+01
 2.66283281531551896e-01, 7.30000000000000000e+01,-9.94925685072177018e-02,-3.65313251626628960e-08,-2.62979033828553199e-01,-1.68632511875370472e+00, 5.50684367974665578e-01, 3.46438799103640374e-03, 1.04111023943190759e-02,-6.80370668497684128e-01,-2.11631415747695513e-02, 7.50046027380983249e-01,-5.09750223667207042e-02, 1.41915724195688897e+00, 1.18912756411464486e-03,-8.04246449351130792e+01
 2.66213443363407631e-01, 7.30500000000029104e+01,-9.94925941709782630e-02,-3.65107930193583478e-08,-2.63208204096742837e-01,-1.68615746213288764e+00, 5.52060499170209495e-01, 3.46185349031502814e-03, 1.04323795168484237e-02,-6.81172361877588561e-01,-2.11626363218258250e-02, 7.50087279757774672e-01,-5.09500138734071961e-02, 1.41857732749851317e+00, 1.19269699728310401e-03,-8.04213276356565530e+01
 2.66143712263244514e-01, 7.31000000000058208e+01,-9.94926182019909428e-02,-3.64902913817788867e-08,-2.63437270355720676e-01,-1.68598985566245707e+00, 5.53435715324425925e-01, 3.45929389683265502e-03, 1.04536163135529794e-02,-6.81974065952209663e-01,-2.11621312369067588e-02, 7.50128517719162780e-01,-5.09250389383016505e-02, 1.41799831978667989e+00, 1.19626708390421169e-03,-8.04180114393863050e+01
 2.66074087918910851e-01, 7.31500000000087311e+01,-9.94926406044923800e-02,-3.64698201620804597e-08,-2.63666232746783802e-01,-1.68582229916001558e+00, 5.54810018242948622e-01, 3.45670941595530587e-03, 1.04748128493442668e-02,-6.82775780872702853e-01,-2.11616263195221685e-02, 7.50169741305559468e-01,-5.09000974636189332e-02, 1.41742021620682346e+00, 1.19983782332579321e-03,-8.04146963430840032e+01
 2.66004570018254838e-01, 7.32000000000116415e+01,-9.94926613827285117e-02,-3.64493792724326918e-08,-2.63895091411704308e-01,-1.68565479244314886e+00, 5.56183409729490319e-01, 3.45410025111560128e-03, 1.04959691890570209e-02,-6.83577506790103984e-01,-2.11611215691818871e-02, 7.50210950557374523e-01,-5.08751893515967668e-02, 1.41684301414430380e+00, 1.20340921491494252e-03,-8.04113823435313293e+01
 2.65935158249144987e-01, 7.32500000000000000e+01,-9.94926805409545451e-02,-3.64289686250247626e-08,-2.64123846492662406e-01,-1.68548733532946882e+00, 5.57555891585447605e-01, 3.45146660381594889e-03, 1.05170853974432127e-02,-6.84379243855095631e-01,-2.11606169853958727e-02, 7.50252145515003077e-01,-5.08503145045029817e-02, 1.41626671098457946e+00, 1.20698125805698267e-03,-8.04080694375109317e+01
 2.65865852299389138e-01, 7.33000000000029104e+01,-9.94926980834349994e-02,-3.64085881320416563e-08,-2.64352498132511826e-01,-1.68531992763642435e+00, 5.58927465611510743e-01, 3.44880867362791629e-03, 1.05381615391968823e-02,-6.85180992218941243e-01,-2.11601125676736668e-02, 7.50293326218873902e-01,-5.08254728246062479e-02, 1.41569130411253741e+00, 1.21055395215963766e-03,-8.04047576218025455e+01
 2.65796651856855914e-01, 7.33500000000058208e+01,-9.94927140144436090e-02,-3.63882377056997899e-08,-2.64581046474380521e-01,-1.68515256918159140e+00, 5.60298133605245496e-01, 3.44612665819904419e-03, 1.05591976789168700e-02,-6.85982752032085030e-01,-2.11596083155252274e-02, 7.50334492709378464e-01,-5.08006642142199011e-02, 1.41511679091350562e+00, 1.21412729664673166e-03,-8.04014468931888331e+01
 2.65727556609393512e-01, 7.34000000000087311e+01,-9.94927283382633504e-02,-3.63679172582232169e-08,-2.64809491661935570e-01,-1.68498525978247682e+00, 5.61667897362724267e-01, 3.44342075325237019e-03, 1.05801938811321203e-02,-6.86784523445084782e-01,-2.11591042284603806e-02, 7.50375645026916893e-01,-5.07758885756726189e-02, 1.41454316877258113e+00, 1.21770129096241222e-03,-8.03981372484514480e+01
 2.65658566244850181e-01, 7.34500000000116415e+01,-9.94927410591864014e-02,-3.63476267018495766e-08,-2.65037833839317283e-01,-1.68481799925657083e+00, 5.63036758678088334e-01, 3.44069115258927027e-03, 1.06011502102947748e-02,-6.87586306608379050e-01,-2.11586003059889526e-02, 7.50416783211886873e-01,-5.07511458113157968e-02, 1.41397043507480258e+00, 1.22127593457000490e-03,-8.03948286843721007e+01
 2.65589680451094323e-01, 7.35000000000000000e+01,-9.94927521815141686e-02,-3.63273659488359435e-08,-2.65266073151071091e-01,-1.68465078742139029e+00, 5.64404719343194139e-01, 3.43793804809290962e-03, 1.06220667307750562e-02,-6.88388101672053110e-01,-2.11580965476209047e-02, 7.50457907304672545e-01,-5.07264358235306953e-02, 1.41339858720532163e+00, 1.22485122695106764e-03,-8.03915211977334110e+01
 2.65520898915934056e-01, 7.35500000000029104e+01,-9.94927617095572592e-02,-3.63071349114352496e-08,-2.65494209742413556e-01,-1.68448362409428953e+00, 5.65771781149174036e-01, 3.43516162972714190e-03, 1.06429435068849717e-02,-6.89189908786773775e-01,-2.11575929528657718e-02, 7.50499017345691244e-01,-5.07017585146995325e-02, 1.41282762254873751e+00, 1.22842716760946258e-03,-8.03882147853151423e+01
 2.65452221327237781e-01, 7.36000000000058208e+01,-9.94927696476354678e-02,-3.62869335019316483e-08,-2.65722243758833132e-01,-1.68431650909274944e+00, 5.67137945884062855e-01, 3.43236208554374093e-03, 1.06637806028421506e-02,-6.89991728102387181e-01,-2.11570895212335186e-02, 7.50540113375321782e-01,-5.06771137872487759e-02, 1.41225753849009927e+00, 1.23200375606513559e-03,-8.03849094438999430e+01
 2.65383647372853748e-01, 7.36500000000087311e+01,-9.94927760000776928e-02,-3.62667616326168762e-08,-2.65950175346355233e-01,-1.68414944223418050e+00, 5.68503215334403622e-01, 3.42953960168160396e-03, 1.06845780827944884e-02,-6.90793559768854259e-01,-2.11565862522339714e-02, 7.50581195433953519e-01,-5.06525015436202139e-02, 1.41168833241424396e+00, 1.23558099185829646e-03,-8.03816051702694665e+01
 2.65315176740630265e-01, 7.37000000000116415e+01,-9.94927807712220197e-02,-3.62466192157961897e-08,-2.66178004651475397e-01,-1.68398242333597903e+00, 5.69867591284819786e-01, 3.42669436236966779e-03, 1.07053360108135317e-02,-6.91595403936015818e-01,-2.11560831453769561e-02, 7.50622263561972813e-01,-5.06279216862782350e-02, 1.41112000170596485e+00, 1.23915887454829812e-03,-8.03783019612054090e+01
 2.65246809118435456e-01, 7.37500000000000000e+01,-9.94927839654157070e-02,-3.62265061637941744e-08,-2.66405731821092728e-01,-1.68381545221556728e+00, 5.71231075517642406e-01, 3.42382654993018867e-03, 1.07260544508889187e-02,-6.92397260753360388e-01,-2.11555802001724309e-02, 7.50663317799751595e-01,-5.06033741177168220e-02, 1.41055254375018002e+00, 1.24273740371263347e-03,-8.03749998134904189e+01
 2.65178544194077881e-01, 7.38000000000029104e+01,-9.94927855870150757e-02,-3.62064223889312802e-08,-2.66633357002774074e-01,-1.68364852869020298e+00, 5.72593669814506212e-01, 3.42093634477775872e-03, 1.07467334669527400e-02,-6.93199130370957040e-01,-2.11550774161299339e-02, 7.50704358187695986e-01,-5.05788587404310749e-02, 1.40998595593127463e+00, 1.24631657895111201e-03,-8.03716987239042311e+01
 2.65110381655425664e-01, 7.38500000000058208e+01,-9.94927856403855504e-02,-3.61863678035590061e-08,-2.66860880344356510e-01,-1.68348165257727356e+00, 5.73955375953940194e-01, 3.41802392542640398e-03, 1.07673731228428195e-02,-6.94001012938054940e-01,-2.11545747927594265e-02, 7.50745384766173252e-01,-5.05543754569598922e-02, 1.40942023563409480e+00, 1.24989639987953239e-03,-8.03683986892295081e+01
 2.65042321190327113e-01, 7.39000000000087311e+01,-9.94927841299016874e-02,-3.61663423200364016e-08,-2.67088301994211463e-01,-1.68331482369409624e+00, 5.75316195712988310e-01, 3.41508946848875046e-03, 1.07879734823275366e-02,-6.94802908604017277e-01,-2.11540723295707417e-02, 7.50786397575560760e-01,-5.05299241698575138e-02, 1.40885538024328971e+00, 1.25347686613391015e-03,-8.03650997062479178e+01
 2.64974362486630532e-01, 7.39500000000116415e+01,-9.94927810599470774e-02,-3.61463458507359361e-08,-2.67315622101177930e-01,-1.68314804185796896e+00, 5.76676130866800252e-01, 3.41213314867903298e-03, 1.08085346090995883e-02,-6.95604817518087781e-01,-2.11535700260736884e-02, 7.50827396656233659e-01,-5.05055047817006345e-02, 1.40829138714347923e+00, 1.25705797736939658e-03,-8.03618017717411277e+01
 2.64906505232203937e-01, 7.40000000000000000e+01,-9.94927764349144150e-02,-3.61263783080492831e-08,-2.67542840814496363e-01,-1.68298130688622205e+00, 5.78035183188223112e-01, 3.40915513881615137e-03, 1.08290565667698031e-02,-6.96406739829157795e-01,-2.11530678817782453e-02, 7.50868382048551775e-01,-5.04811171950954110e-02, 1.40772825371942178e+00, 1.26063973325919276e-03,-8.03585048824918005e+01
 2.64838749114856054e-01, 7.40500000000029104e+01,-9.94927702592054014e-02,-3.61064396043640663e-08,-2.67769958284072296e-01,-1.68281461859601911e+00, 5.79393354449413533e-01, 3.40615560982263609e-03, 1.08495394188916506e-02,-6.97208675686698420e-01,-2.11525658961939401e-02, 7.50909353792909906e-01,-5.04567613126489234e-02, 1.40716597735535953e+00, 1.26422213349877536e-03,-8.03552090352796853e+01
 2.64771104390224721e-01, 7.41000000000058208e+01,-9.94927622044375626e-02,-3.60865321057811675e-08,-2.67996976902566963e-01,-1.68264796853839327e+00, 5.80750702152448950e-01, 3.40314044638621556e-03, 1.08699843131161225e-02,-6.98010664181857310e-01,-2.11520640482213279e-02, 7.50950313611748244e-01,-5.04324397690179629e-02, 1.40660464312883215e+00, 1.26780528653485020e-03,-8.03519140915738035e+01
 2.64703562919774649e-01, 7.41500000000087311e+01,-9.94927525213419872e-02,-3.60666539074407826e-08,-2.68223895163655524e-01,-1.68248136265213266e+00, 5.82107186747919836e-01, 3.40010561021861441e-03, 1.08903905081897418e-02,-6.98812676617716511e-01,-2.11515623526332859e-02, 7.50991260299638030e-01,-5.04081504433323280e-02, 1.40604418347367432e+00, 1.27138911154347557e-03,-8.03486201483673597e+01
 2.64636122792331396e-01, 7.42000000000116415e+01,-9.94927412646712805e-02,-3.60468045504889447e-08,-2.68450712879940101e-01,-1.68231480200517258e+00, 5.83462801559563538e-01, 3.39705040752257990e-03, 1.09107579030172114e-02,-6.99614707249270773e-01,-2.11510608120581457e-02, 7.51032193642406254e-01,-5.03838928248470375e-02, 1.40548458250415442e+00, 1.27497359181609721e-03,-8.03453272229168505e+01
 2.64568783728754031e-01, 7.42500000000000000e+01,-9.94927284378021304e-02,-3.60269839550273850e-08,-2.68677430210519208e-01,-1.68214828638889258e+00, 5.84817548518637320e-01, 3.39397502357686098e-03, 1.09310865639667236e-02,-7.00416756345597191e-01,-2.11505594259415244e-02, 7.51073113685643112e-01,-5.03596668247731222e-02, 1.40492583787775960e+00, 1.27855872745657713e-03,-8.03420353115824781e+01
 2.64501545449842834e-01, 7.43000000000029104e+01,-9.94927140441194124e-02,-3.60071920411532292e-08,-2.68904047315170924e-01,-1.68198181559450832e+00, 5.86171429555467971e-01, 3.39087964192675770e-03, 1.09513765573397634e-02,-7.01218824176323974e-01,-2.11500581937286124e-02, 7.51114020474972888e-01,-5.03354723543214463e-02, 1.40436794725144298e+00, 1.28214451859078645e-03,-8.03387444107215742e+01
 2.64434407676456817e-01, 7.43500000000058208e+01,-9.94926980870161903e-02,-3.59874287289935400e-08,-2.69130564353957047e-01,-1.68181538941335829e+00, 5.87524446597091798e-01, 3.38776444439171107e-03, 1.09716279493357171e-02,-7.02020911010230453e-01,-2.11495571148650335e-02, 7.51154914055980782e-01,-5.03113093247448476e-02, 1.40381090828260024e+00, 1.28573096536034300e-03,-8.03354545166943410e+01
 2.64367370129435619e-01, 7.44000000000087311e+01,-9.94926805698936323e-02,-3.59676939386822691e-08,-2.69356981487485714e-01,-1.68164900763671388e+00, 5.88876601568828484e-01, 3.38462961106389621e-03, 1.09918408060755632e-02,-7.02823017116180226e-01,-2.11490561887962766e-02, 7.51195794474261325e-01,-5.02871776473100274e-02, 1.40325471862842477e+00, 1.28931806792676124e-03,-8.03321656258600285e+01
 2.64300432529618545e-01, 7.44500000000116415e+01,-9.94926614961610944e-02,-3.59479875903660008e-08,-2.69583298876845179e-01,-1.68148267005582475e+00, 5.90227896393897833e-01, 3.38147532031135914e-03, 1.10120151935961808e-02,-7.03625142762888123e-01,-2.11485554149678304e-02, 7.51236661775406267e-01,-5.02630772333043443e-02, 1.40269937594606775e+00, 1.29290582647042097e-03,-8.03288777345778726e+01
 2.64233594597864607e-01, 7.45000000000000000e+01,-9.94926408692360653e-02,-3.59283096042096564e-08,-2.69809516683537642e-01,-1.68131637646196985e+00, 5.91578332993005995e-01, 3.37830174878098926e-03, 1.10321511778441479e-02,-7.04427288218686831e-01,-2.11480547928253049e-02, 7.51277516004993262e-01,-5.02390079940431208e-02, 1.40214487789280762e+00, 1.29649424118946123e-03,-8.03255908392081039e+01
 2.64166856054974419e-01, 7.45500000000029104e+01,-9.94926186925440964e-02,-3.59086599003735448e-08,-2.70035635069741098e-01,-1.68115012664626007e+00, 5.92927913285958397e-01, 3.37510907139723128e-03, 1.10522488247000276e-02,-7.05229453752460045e-01,-2.11475543218139113e-02, 7.51318357208631604e-01,-5.02149698408412629e-02, 1.40159122212540344e+00, 1.30008331230403664e-03,-8.03223049361080257e+01
 2.64100216621806771e-01, 7.46000000000058208e+01,-9.94925949695188994e-02,-3.58890383990477930e-08,-2.70261654197915036e-01,-1.68098392039993350e+00, 5.94276639189256439e-01, 3.37189746136950250e-03, 1.10723081999423417e-02,-7.06031639632242691e-01,-2.11470540013792632e-02, 7.51359185431893839e-01,-5.01909626850555249e-02, 1.40103840630106591e+00, 1.30367304004993514e-03,-8.03190200216378685e+01
 2.64033676019201302e-01, 7.46500000000087311e+01,-9.94925697036022766e-02,-3.58694450204293111e-08,-2.70487574231061678e-01,-1.68081775751415696e+00, 5.95624512617716095e-01, 3.36866709019093599e-03, 1.10923293692719912e-02,-7.06833846126153742e-01,-2.11465538309668459e-02, 7.51400000720361061e-01,-5.01669864380563310e-02, 1.40048642807681745e+00, 1.30726342468284458e-03,-8.03157360921568539e+01
 2.63967233967997372e-01, 7.47000000000116415e+01,-9.94925428982440657e-02,-3.58498796847276086e-08,-2.70713395332661089e-01,-1.68065163778007842e+00, 5.96971535484043025e-01, 3.36541812764124763e-03, 1.11123123983058181e-02,-7.07636073502163954e-01,-2.11460538100221446e-02, 7.51440803119611478e-01,-5.01430410112347069e-02, 1.39993528510965159e+00, 1.31085446647722531e-03,-8.03124531440242322e+01
 2.63900890189053827e-01, 7.47500000000000000e+01,-9.94925145569022229e-02,-3.58303423121703734e-08,-2.70939117666603668e-01,-1.68048556098887314e+00, 5.98317709698449884e-01, 3.36215074178987036e-03, 1.11322573525710119e-02,-7.08438322027860834e-01,-2.11455539379907798e-02, 7.51481592675208532e-01,-5.01191263160094963e-02, 1.39938497505669956e+00, 1.31444616572526807e-03,-8.03091711736002196e+01
 2.63834644403171448e-01, 7.48000000000029104e+01,-9.94924846830427118e-02,-3.58108328229807931e-08,-2.71164741397453168e-01,-1.68031952693155207e+00, 5.99663037170236723e-01, 3.35886509899435866e-03, 1.11521642975286415e-02,-7.09240591971384338e-01,-2.11450542143179557e-02, 7.51522369432749193e-01,-5.00952422637990710e-02, 1.39883549557458831e+00, 1.31803852274109401e-03,-8.03058901772421478e+01
 2.63768496331209135e-01, 7.48500000000058208e+01,-9.94924532801395589e-02,-3.57913511374115895e-08,-2.71390266690051285e-01,-1.68015353539924872e+00, 6.01007519805433432e-01, 3.35556136390815401e-03, 1.11720332985387159e-02,-7.10042883600024766e-01,-2.11445546384492929e-02, 7.51563133437791686e-01,-5.00713887660634502e-02, 1.39828684432040884e+00, 1.32163153785445171e-03,-8.03026101513102191e+01
 2.63702445694006249e-01, 7.49000000000087311e+01,-9.94924203516748540e-02,-3.57718971757223264e-08,-2.71615693709780337e-01,-1.67998758618302890e+00, 6.02351159508372924e-01, 3.35223969947894777e-03, 1.11918644208836016e-02,-7.10845197181156796e-01,-2.11440552098302662e-02, 7.51603884735903560e-01,-5.00475657342760588e-02, 1.39773901895107255e+00, 1.32522521141490140e-03,-8.02993310921636692e+01
 2.63636492212402374e-01, 7.49500000000116415e+01,-9.94923859011386247e-02,-3.57524708581849953e-08,-2.71841022622496764e-01,-1.67982167907393798e+00, 6.03693958181292456e-01, 3.34890026695166361e-03, 1.12116577297621048e-02,-7.11647532982006448e-01,-2.11435559279063712e-02, 7.51644623372649590e-01,-5.00237730799311803e-02, 1.39719201712347885e+00, 1.32881954379073484e-03,-8.02960529961617482e+01
 2.63570635607256076e-01, 7.50000000000000000e+01,-9.94923499320290172e-02,-3.57330721050897461e-08,-2.72066253594465235e-01,-1.67965581386304841e+00, 6.05035917723950045e-01, 3.34554322587159300e-03, 1.12314132902839089e-02,-7.12449891269417157e-01,-2.11430567921232250e-02, 7.51685349393579783e-01,-5.00000107145502429e-02, 1.39664583649467144e+00, 1.33241453536793539e-03,-8.02927758596646584e+01
 2.63504875599368527e-01, 7.50500000000029104e+01,-9.94923124478520743e-02,-3.57137008367221889e-08,-2.72291386792619827e-01,-1.67948999034127056e+00, 6.06377040035180004e-01, 3.34216873408251392e-03, 1.12511311674924914e-02,-7.13252272310784585e-01,-2.11425578019260318e-02, 7.51726062844277232e-01,-4.99762785496546888e-02, 1.39610047472120979e+00, 1.33601018655433242e-03,-8.02894996790297597e+01
 2.63439211909598348e-01, 7.51000000000058208e+01,-9.94922734521218322e-02,-3.56943569733973353e-08,-2.72516422384170676e-01,-1.67932420829963380e+00, 6.07717327010583785e-01, 3.33877694773483495e-03, 1.12708114263313387e-02,-7.14054676372654518e-01,-2.11420589567604053e-02, 7.51766763770287172e-01,-4.99525764968068789e-02, 1.39555592946012186e+00, 1.33960649777339186e-03,-8.02862244506172118e+01
 2.63373644258785067e-01, 7.51500000000087311e+01,-9.94922329483603485e-02,-3.56750404354369797e-08,-2.72741360536865096e-01,-1.67915846752910403e+00, 6.09056780544040000e-01, 3.33536802128344854e-03, 1.12904541316659526e-02,-7.14857103721657117e-01,-2.11415602560718376e-02, 7.51807452217162830e-01,-4.99289044675829963e-02, 1.39501219836827195e+00, 1.34320346946825990e-03,-8.02829501707862931e+01
 2.63308172367768101e-01, 7.52000000000116415e+01,-9.94921909400975635e-02,-3.56557511431752647e-08,-2.72966201418921972e-01,-1.67899276782062357e+00, 6.10395402527361242e-01, 3.33194210749104477e-03, 1.13100593482790990e-02,-7.15659554624274330e-01,-2.11410616993058034e-02, 7.51848128230455992e-01,-4.99052623735795411e-02, 1.39446927910252150e+00, 1.34680110210082010e-03,-8.02796768358962396e+01
 2.63242795957406017e-01, 7.52500000000000000e+01,-9.94921474308714665e-02,-3.56364890169643917e-08,-2.73190945198965307e-01,-1.67882710896516452e+00, 6.11733194849883422e-01, 3.32849935743104999e-03, 1.13296271408647436e-02,-7.16462029346605522e-01,-2.11405632859079338e-02, 7.51888791855703009e-01,-4.98816501264202419e-02, 1.39392716931989069e+00, 1.35039939615057974e-03,-8.02764044423072534e+01
 2.63177514748500152e-01, 7.53000000000029104e+01,-9.94921024242278462e-02,-3.56172539771520560e-08,-2.73415592046285461e-01,-1.67866149075353310e+00, 6.13070159400030623e-01, 3.32503992048568823e-03, 1.13491575740509911e-02,-7.17264528155301506e-01,-2.11400650153234226e-02, 7.51929443138472986e-01,-4.98580676377286050e-02, 1.39338586667692654e+00, 1.35399835211886220e-03,-8.02731329863766803e+01
 2.63112328461909073e-01, 7.53500000000058208e+01,-9.94920559237205127e-02,-3.55980459441151818e-08,-2.73640142130446462e-01,-1.67849591297665812e+00, 6.14406298062991962e-01, 3.32156394435412184e-03, 1.13686507123662486e-02,-7.18067051316163663e-01,-2.11395668869978903e-02, 7.51970082124297945e-01,-4.98345148191691248e-02, 1.39284536883065546e+00, 1.35759797052254394e-03,-8.02698624644646941e+01
 2.63047236818472252e-01, 7.54000000000087311e+01,-9.94920079329111029e-02,-3.55788648382373970e-08,-2.73864595621546469e-01,-1.67833037542540464e+00, 6.15741612722246145e-01, 3.31807157505026795e-03, 1.13881066202613842e-02,-7.18869599095078526e-01,-2.11390689003768360e-02, 7.52010708858717569e-01,-4.98109915824198266e-02, 1.39230567343795242e+00, 1.36119825189814740e-03,-8.02665928729305733e+01
 2.62982239539029161e-01, 7.54500000000116415e+01,-9.94919584553692476e-02,-3.55597105799146775e-08,-2.74088952690152210e-01,-1.67816487789061242e+00, 6.17076105259213525e-01, 3.31456295690607354e-03, 1.14075253621049016e-02,-7.19672171757783086e-01,-2.11385710549057207e-02, 7.52051323387269322e-01,-4.97874978391789000e-02, 1.39176677815570016e+00, 1.36479919680088297e-03,-8.02633242081335538e+01
 2.62917336344438146e-01, 7.55000000000000000e+01,-9.94919074946723769e-02,-3.55405830895608664e-08,-2.74313213507233145e-01,-1.67799942016315118e+00, 6.18409777552851647e-01, 3.31103823257445458e-03, 1.14269070021770450e-02,-7.20474769569632301e-01,-2.11380733500301822e-02, 7.52091925755476676e-01,-4.97640335011717005e-02, 1.39122868064095129e+00, 1.36840080580354659e-03,-8.02600564664338236e+01
 2.62852526955500876e-01, 7.55500000000029104e+01,-9.94918550544058311e-02,-3.55214822875854194e-08,-2.74537378244421926e-01,-1.67783400203372723e+00, 6.19742631481200679e-01, 3.30749754302714924e-03, 1.14462516046922261e-02,-7.21277392796533245e-01,-2.11375757851954109e-02, 7.52132516008895191e-01,-4.97405984801233200e-02, 1.39069137855029967e+00, 1.37200307950067981e-03,-8.02567896441887427e+01
 2.62787811093075807e-01, 7.56000000000058208e+01,-9.94918011381627360e-02,-3.55024080944267766e-08,-2.74761447073621767e-01,-1.67766862329316879e+00, 6.21074668919074813e-01, 3.30394102756299476e-03, 1.14655592337656511e-02,-7.22080041703542674e-01,-2.11370783598470377e-02, 7.52173094193042013e-01,-4.97171926877996440e-02, 1.39015486954082657e+00, 1.37560601850232221e-03,-8.02535237377584991e+01
 2.62723188478002356e-01, 7.56500000000087311e+01,-9.94917457495441832e-02,-3.54833604305300816e-08,-2.74985420167267958e-01,-1.67750328373223700e+00, 6.22405891739601924e-01, 3.30036882380573817e-03, 1.14848299534356709e-02,-7.22882716555802829e-01,-2.11365810734305444e-02, 7.52213660353444502e-01,-4.96938160359798667e-02, 1.38961915126947444e+00, 1.37920962343815348e-03,-8.02502587435023429e+01
 2.62658660852324810e-01, 7.57000000000116415e+01,-9.94916888418243550e-02,-3.54643392658579049e-08,-2.75209297250772367e-01,-1.67733798317947613e+00, 6.23736301478453270e-01, 3.29678162256039986e-03, 1.15040638176925371e-02,-7.23685416557379613e-01,-2.11360839255167535e-02, 7.52254214525401199e-01,-4.96704690019834361e-02, 1.38908423814805992e+00, 1.38281389159660567e-03,-8.02469946586025173e+01
 2.62594246141118925e-01, 7.57500000000000000e+01,-9.94916299651240066e-02,-3.54453449667273066e-08,-2.75433074465443517e-01,-1.67717272176605725e+00, 6.25065896985814384e-01, 3.29318457081363095e-03, 1.15232608006170609e-02,-7.24488132418615538e-01,-2.11355869166799173e-02, 7.52294756662359010e-01,-4.96471565907355139e-02, 1.38855027873162840e+00, 1.38641879330718941e-03,-8.02437314868292617e+01
 2.62529925834776467e-01, 7.58000000000029104e+01,-9.94915695769172798e-02,-3.54263770070873498e-08,-2.75656756019457716e-01,-1.67700749894173740e+00, 6.26394683154917642e-01, 3.28957281192486734e-03, 1.15424210558447080e-02,-7.25290873973719274e-01,-2.11350900452349499e-02, 7.52335286902061862e-01,-4.96238736129957295e-02, 1.38801711954851470e+00, 1.39002435948166981e-03,-8.02404692171189993e+01
 2.62465699713073430e-01, 7.58500000000058208e+01,-9.94915076793317088e-02,-3.54074353088760207e-08,-2.75880342073545282e-01,-1.67684231449835330e+00, 6.27722661840808382e-01, 3.28594649689701668e-03, 1.15615446467781952e-02,-7.26093641456202699e-01,-2.11345933106311390e-02, 7.52375805289716038e-01,-4.96006199970345507e-02, 1.38748475874259247e+00, 1.39363059070527406e-03,-8.02372078458559059e+01
 2.62401567555767212e-01, 7.59000000000087311e+01,-9.94914442745012256e-02,-3.53885197940377641e-08,-2.76103832788947789e-01,-1.67667716822767443e+00, 6.29049834896864501e-01, 3.28230577521441188e-03, 1.15806316367432962e-02,-7.26896435099667948e-01,-2.11340967123176161e-02, 7.52416311870537036e-01,-4.95773956711327499e-02, 1.38695319445754062e+00, 1.39723748758206669e-03,-8.02339473694232197e+01
 2.62337529142615267e-01, 7.59500000000116415e+01,-9.94913793645662015e-02,-3.53696303845290422e-08,-2.76327228327352570e-01,-1.67651205992144781e+00, 6.30376204174421861e-01, 3.27865079484577094e-03, 1.15996820889835532e-02,-7.27699255137571943e-01,-2.11336002497435095e-02, 7.52456806689738134e-01,-4.95542005635881203e-02, 1.38642242483700118e+00, 1.40084505073391746e-03,-8.02306877842041644e+01
 2.62273584253393477e-01, 7.60000000000000000e+01,-9.94913129516733913e-02,-3.53507670023238136e-08,-2.76550528850827038e-01,-1.67634698937145199e+00, 6.31701771522376609e-01, 3.27498170224704323e-03, 1.16186960666545477e-02,-7.28502101802994573e-01,-2.11331039223581034e-02, 7.52497289792517066e-01,-4.95310346027220960e-02, 1.38589244802473188e+00, 1.40445328079940928e-03,-8.02274290865829300e+01
 2.62209732667822049e-01, 7.60500000000029104e+01,-9.94912450379758367e-02,-3.53319295693915437e-08,-2.76773734522078374e-01,-1.67618195636930101e+00, 6.33026538788742155e-01, 3.27129864235903506e-03, 1.16376736328463390e-02,-7.29304975329571725e-01,-2.11326077296102588e-02, 7.52537761224104540e-01,-4.95078977168529541e-02, 1.38536326216399575e+00, 1.40806217843805889e-03,-8.02241712729408505e+01
 2.62145974165676976e-01, 7.61000000000058208e+01,-9.94911756256330465e-02,-3.53131180077301463e-08,-2.76996845504062561e-01,-1.67601696070673056e+00, 6.34350507818331799e-01, 3.26760175861563404e-03, 1.16566148505502908e-02,-7.30107875950094853e-01,-2.11321116709492357e-02, 7.52578221029694183e-01,-4.94847898343360321e-02, 1.38483486539848522e+00, 1.41167174432399890e-03,-8.02209143396621016e+01
 2.62082308526715657e-01, 7.61500000000087311e+01,-9.94911047168108437e-02,-3.52943322393439872e-08,-2.77219861960244229e-01,-1.67585200217540975e+00, 6.35673680454303724e-01, 3.26389119294137392e-03, 1.16755197826812727e-02,-7.30910803897444117e-01,-2.11316157458241692e-02, 7.52618669254487394e-01,-4.94617108835369163e-02, 1.38430725587170977e+00, 1.41528197915016828e-03,-8.02176582831299072e+01
 2.62018735530695379e-01, 7.62000000000116415e+01,-9.94910323136814351e-02,-3.52755721862493899e-08,-2.77442784054530989e-01,-1.67568708056698878e+00, 6.36996058537775967e-01, 3.26016708575429821e-03, 1.16943884920721816e-02,-7.31713759404356123e-01,-2.11311199536842083e-02, 7.52659105943683793e-01,-4.94386607928379920e-02, 1.38378043172714871e+00, 1.41889288362724944e-03,-8.02144030997274911e+01
 2.61955254957392136e-01, 7.62500000000000000e+01,-9.94909584184233697e-02,-3.52568377704800421e-08,-2.77665611951208091e-01,-1.67552219567314586e+00, 6.38317643907428511e-01, 3.25642957596880382e-03, 1.17132210414682605e-02,-7.32516742703189339e-01,-2.11306242939786303e-02, 7.52699531142467571e-01,-4.94156394906453897e-02, 1.38325439110840942e+00, 1.42250445848257742e-03,-8.02111487858390575e+01
 2.61891866586526245e-01, 7.63000000000029104e+01,-9.94908830332214555e-02,-3.52381289140651978e-08,-2.77888345815197391e-01,-1.67535734728539421e+00, 6.39638438401075149e-01, 3.25267880099325063e-03, 1.17320174935497262e-02,-7.33319754026858894e-01,-2.11301287661562719e-02, 7.52739944896056223e-01,-4.93926469053618325e-02, 1.38272913215861459e+00, 1.42611670446440657e-03,-8.02078953378459261e+01
 2.61828570197873534e-01, 7.63500000000058208e+01,-9.94908061602669536e-02,-3.52194455390623875e-08,-2.78110985811667322e-01,-1.67519253519537115e+00, 6.40958443853338666e-01, 3.24891489673819096e-03, 1.17507779108985862e-02,-7.34122793607435042e-01,-2.11296333696664174e-02, 7.52780347249629167e-01,-4.93696829654269864e-02, 1.38220465302132411e+00, 1.42972962233555551e-03,-8.02046427521322585e+01
 2.61765365571191511e-01, 7.64000000000087311e+01,-9.94907278017573282e-02,-3.52007875675355536e-08,-2.78333532106292247e-01,-1.67502775919464897e+00, 6.42277662097170299e-01, 3.24513799761369992e-03, 1.17695023560202387e-02,-7.34925861677076853e-01,-2.11291381039582053e-02, 7.52820738248374366e-01,-4.93467475992908008e-02, 1.38168095183992445e+00, 1.43334321287754904e-03,-8.02013910250813211e+01
 2.61702252486237463e-01, 7.64500000000116415e+01,-9.94906479598964139e-02,-3.51821549215605306e-08,-2.78555984865187012e-01,-1.67486301907477708e+00, 6.43596094963510890e-01, 3.24134823653248827e-03, 1.17881908913389562e-02,-7.35728958467799843e-01,-2.11286429684807674e-02, 7.52861117937477342e-01,-4.93238407354197883e-02, 1.38115802675778232e+00, 1.43695747688966642e-03,-8.01981401530763236e+01
 2.61639230722787108e-01, 7.65000000000000000e+01,-9.94905666368943731e-02,-3.51635475232304041e-08,-2.78778344254841326e-01,-1.67469831462733310e+00, 6.44913744280876666e-01, 3.23754574491261042e-03, 1.18068435791918794e-02,-7.36532084211241278e-01,-2.11281479626833843e-02, 7.52901486362108963e-01,-4.93009623023040189e-02, 1.38063587591840009e+00, 1.44057241518780231e-03,-8.01948901325014418e+01
 2.61576300060561207e-01, 7.65500000000029104e+01,-9.94904838349675441e-02,-3.51449652946338927e-08,-2.79000610442378616e-01,-1.67453364564373475e+00, 6.46230611876900007e-01, 3.23373065267483495e-03, 1.18254604818509232e-02,-7.37335239139595200e-01,-2.11276530860149032e-02, 7.52941843567473734e-01,-4.92781122284303291e-02, 1.38011449746480874e+00, 1.44418802860867999e-03,-8.01916409597380238e+01
 2.61513460279335364e-01, 7.66000000000058208e+01,-9.94903995563386351e-02,-3.51264081578877792e-08,-2.79222783595166724e-01,-1.67436901191551812e+00, 6.47546699576042273e-01, 3.22990308825111443e-03, 1.18440416614905321e-02,-7.38138423484210104e-01,-2.11271583379246015e-02, 7.52982189598735974e-01,-4.92552904423221652e-02, 1.37959388954048179e+00, 1.44780431800355927e-03,-8.01883926311702311e+01
 2.61450711158867088e-01, 7.66500000000087311e+01,-9.94903138032366269e-02,-3.51078760351152721e-08,-2.79444863881076755e-01,-1.67420441323415758e+00, 6.48862009201105705e-01, 3.22606317858179295e-03, 1.18625871802089857e-02,-7.38941637476524638e-01,-2.11266637178616178e-02, 7.53022524501070989e-01,-4.92324968725132012e-02, 1.37907405028872998e+00, 1.45142128424238033e-03,-8.01851451431813160e+01
 2.61388052478913668e-01, 7.67000000000116415e+01,-9.94902265778967315e-02,-3.50893688484513657e-08,-2.79666851468417355e-01,-1.67403984939110262e+00, 6.50176542572882932e-01, 3.22221104911862583e-03, 1.18810971000237030e-02,-7.39744881347832672e-01,-2.11261692252750800e-02, 7.53062848319650313e-01,-4.92097314475535563e-02, 1.37855497785285319e+00, 1.45503892821277603e-03,-8.01818984921544882e+01
 2.61325484019250709e-01, 7.67500000000000000e+01,-9.94901378825604477e-02,-3.50708865200482462e-08,-2.79888746525870147e-01,-1.67387532017783536e+00, 6.51490301509744074e-01, 3.21834682382748016e-03, 1.18995714828652819e-02,-7.40548155329049496e-01,-2.11256748596142831e-02, 7.53103161099631491e-01,-4.91869940960168311e-02, 1.37803667037629540e+00, 1.45865725081893629e-03,-8.01786526744739376e+01
 2.61263005559599137e-01, 7.68000000000029104e+01,-9.94900477194754496e-02,-3.50524289720537257e-08,-2.80110549222746918e-01,-1.67371082538567006e+00, 6.52803287829197054e-01, 3.21447062518572012e-03, 1.19180103905996929e-02,-7.41351459651648503e-01,-2.11251806203280532e-02, 7.53143462886204262e-01,-4.91642847464733024e-02, 1.37751912600204096e+00, 1.46227625298588201e-03,-8.01754076865209839e+01
 2.61200616879734615e-01, 7.68500000000058208e+01,-9.94899560908957259e-02,-3.50339961266435554e-08,-2.80332259728602151e-01,-1.67354636480604912e+00, 6.54115503345559457e-01, 3.21058257419049985e-03, 1.19364138849953564e-02,-7.42154794546256991e-01,-2.11246865068656885e-02, 7.53183753724520288e-01,-4.91416033275297939e-02, 1.37700234287352319e+00, 1.46589593565305096e-03,-8.01721635246798314e+01
 2.61138317759414540e-01, 7.69000000000087311e+01,-9.94898629990814687e-02,-3.50155879059998454e-08,-2.80553878213490704e-01,-1.67338193823034564e+00, 6.55426949871524167e-01, 3.20668279035617046e-03, 1.19547820277454576e-02,-7.42958160243591514e-01,-2.11241925186763137e-02, 7.53224033659740666e-01,-4.91189497678031078e-02, 1.37648631913402286e+00, 1.46951629977858773e-03,-8.01689201853337039e+01
 2.61076107978396144e-01, 7.69500000000116415e+01,-9.94897684462990872e-02,-3.49972042323164390e-08,-2.80775404847902421e-01,-1.67321754544991186e+00, 6.56737629217769792e-01, 3.20277139171707163e-03, 1.19731148804624512e-02,-7.43761556974224636e-01,-2.11236986552090639e-02, 7.53264302737023383e-01,-4.90963239959265260e-02, 1.37597105292681698e+00, 1.47313734633825930e-03,-8.01656776648658109e+01
 2.61013987316455032e-01, 7.70000000000000000e+01,-9.94896724348212080e-02,-3.49788450278042787e-08,-2.80996839802697684e-01,-1.67305318625612975e+00, 6.58047543192559981e-01, 3.19884849483027247e-03, 1.19914125046724097e-02,-7.44564984968350774e-01,-2.11232049159132233e-02, 7.53304561001511996e-01,-4.90737259405565965e-02, 1.37545654239533710e+00, 1.47675907632434313e-03,-8.01624359596603426e+01
 2.60951955553312354e-01, 7.70500000000029104e+01,-9.94895749669265916e-02,-3.49605102146699792e-08,-2.81218183249364262e-01,-1.67288886044021790e+00, 6.59356693603289745e-01, 3.19491421477280076e-03, 1.20096749618367887e-02,-7.45368444456721235e-01,-2.11227113002376322e-02, 7.53344808498382479e-01,-4.90511555303465852e-02, 1.37494278568256512e+00, 1.48038149074988215e-03,-8.01591950660986470e+01
 2.60890012468743548e-01, 7.71000000000058208e+01,-9.94894760449002991e-02,-3.49421997151479024e-08,-2.81439435359630452e-01,-1.67272456779351963e+00, 6.60665082254194735e-01, 3.19096866515017168e-03, 1.20279023133204686e-02,-7.46171935669241670e-01,-2.11222178076315818e-02, 7.53385045272773168e-01,-4.90286126939860761e-02, 1.37442978093193835e+00, 1.48400459064234398e-03,-8.01559549805648999e+01
 2.60828157842506014e-01, 7.71500000000087311e+01,-9.94893756710335114e-02,-3.49239134514787494e-08,-2.81660596305721989e-01,-1.67256030810730771e+00, 6.61972710947886567e-01, 3.18701195809354635e-03, 1.20460946204133043e-02,-7.46975458835907102e-01,-2.11217244375441933e-02, 7.53425271369830951e-01,-4.90060973601745276e-02, 1.37391752628674935e+00, 1.48762837704784733e-03,-8.01527156994423109e+01
 2.60766391454357205e-01, 7.72000000000116415e+01,-9.94892738476235716e-02,-3.49056513459149145e-08,-2.81881666260297592e-01,-1.67239608117283911e+00, 6.63279581484946590e-01, 3.18304420426241633e-03, 1.20642519443243494e-02,-7.47779014186568669e-01,-2.11212311894246121e-02, 7.53465486834700049e-01,-4.89836094576279329e-02, 1.37340601989030042e+00, 1.49125285103003311e-03,-8.01494772191141323e+01
 2.60704713084072337e-01, 7.72500000000000000e+01,-9.94891705769740814e-02,-3.48874133207257591e-08,-2.82102645396383633e-01,-1.67223188678139634e+00, 6.64585695663576392e-01, 3.17906551284758950e-03, 1.20823743461772760e-02,-7.48582601950698701e-01,-2.11207380627221157e-02, 7.53505691712510473e-01,-4.89611489150852189e-02, 1.37289525988605043e+00, 1.49487801366908089e-03,-8.01462395359645257e+01
 2.60643122511372893e-01, 7.73000000000029104e+01,-9.94890658613946377e-02,-3.48691992981763762e-08,-2.82323533887631373e-01,-1.67206772472410004e+00, 6.65891055281103039e-01, 3.17507599156812738e-03, 1.21004618870311498e-02,-7.49386222358327081e-01,-2.11202450568855477e-02, 7.53545886048424540e-01,-4.89387156612821131e-02, 1.37238524441702325e+00, 1.49850386606586897e-03,-8.01430026463748391e+01
 2.60581619846335655e-01, 7.73500000000058208e+01,-9.94889597030543804e-02,-3.48510138474299275e-08,-2.82544331094420009e-01,-1.67190359571731162e+00, 6.67195655688057165e-01, 3.17107759326638655e-03, 1.21185144898228753e-02,-7.50189883178848937e-01,-2.11197521737990258e-02, 7.53586069689061167e-01,-4.89163097430513755e-02, 1.37187597436170172e+00, 1.50213038325763847e-03,-8.01397665627154794e+01
 2.60520205270027616e-01, 7.74000000000087311e+01,-9.94888521040886709e-02,-3.48328625362664791e-08,-2.82765036201993114e-01,-1.67173950067630317e+00, 6.68499490857149214e-01, 3.16707268352504684e-03, 1.21365320479660792e-02,-7.50993593802807391e-01,-2.11192594158699613e-02, 7.53626242438388716e-01,-4.88939312325830794e-02, 1.37136745118600945e+00, 1.50575753457427562e-03,-8.01365313007925693e+01
 2.60458877924530430e-01, 7.74500000000116415e+01,-9.94887430671034523e-02,-3.48147363152535990e-08,-2.82985650955200174e-01,-1.67157543760627525e+00, 6.69802575024881386e-01, 3.16305781191822529e-03, 1.21545148888910111e-02,-7.51797339901536521e-01,-2.11187667778468292e-02, 7.53666404724778083e-01,-4.88715798307266733e-02, 1.37085966775289392e+00, 1.50938537143445722e-03,-8.01332968261265819e+01
 2.60397637592374331e-01, 7.75000000000000000e+01,-9.94886325944300404e-02,-3.47966351453610545e-08,-2.83206175522274062e-01,-1.67141140630615004e+00, 6.71104909927539461e-01, 3.15903309927221100e-03, 1.21724630722160089e-02,-7.52601121766590220e-01,-2.11182742591992101e-02, 7.53706556591692833e-01,-4.88492554672810136e-02, 1.37035262222861620e+00, 1.51301389476365283e-03,-8.01300631352350337e+01
 2.60336484056036044e-01, 7.75500000000029104e+01,-9.94885206884057183e-02,-3.47785589875499507e-08,-2.83426610072062657e-01,-1.67124740657468718e+00, 6.72406497300620076e-01, 3.15499866508314785e-03, 1.21903766574970387e-02,-7.53404939690075826e-01,-2.11177818593962681e-02, 7.53746698082628397e-01,-4.88269580720414736e-02, 1.36984631277900992e+00, 1.51664310550708552e-03,-8.01268302246325987e+01
 2.60275417098045914e-01, 7.76000000000058208e+01,-9.94884073513738892e-02,-3.47605078028043752e-08,-2.83646954773643545e-01,-1.67108343821077021e+00, 6.73707338876542661e-01, 3.15095462752551037e-03, 1.22082557041961227e-02,-7.54208793963250912e-01,-2.11172895779075873e-02, 7.53786829241043010e-01,-4.88046875748391409e-02, 1.36934073757036945e+00, 1.52027300462335459e-03,-8.01235980908367935e+01
 2.60214436500916413e-01, 7.76500000000087311e+01,-9.94882925856839656e-02,-3.47424815521102484e-08,-2.83867209796579811e-01,-1.67091950101321918e+00, 6.75007436386173110e-01, 3.14690110344897564e-03, 1.22261002717024541e-02,-7.55012684877459539e-01,-2.11167974142026198e-02, 7.53826950110403904e-01,-4.87824439055144776e-02, 1.36883589476886236e+00, 1.52390359308866310e-03,-8.01203667303641964e+01
 2.60153542047159902e-01, 7.77000000000116415e+01,-9.94881763936913965e-02,-3.47244801964606378e-08,-2.84087375310855927e-01,-1.67075559478083169e+00, 6.76306791558447307e-01, 3.14283820838111337e-03, 1.22439104193272467e-02,-7.55816612723897663e-01,-2.11163053677507970e-02, 7.53867060734174532e-01,-4.87602269939241342e-02, 1.36833178254067511e+00, 1.52753487189576098e-03,-8.01171361397313859e+01
 2.60092733519306618e-01, 7.77500000000000000e+01,-9.94880587777576542e-02,-3.47065036968609455e-08,-2.84307451486812746e-01,-1.67059171931243622e+00, 6.77605406120000642e-01, 3.13876605653010685e-03, 1.22616862062987757e-02,-7.56620577793379878e-01,-2.11158134380217133e-02, 7.53907161155805694e-01,-4.87380367699471184e-02, 1.36782839905216602e+00, 1.53116684205289273e-03,-8.01139063154558642e+01
 2.60032010699833505e-01, 7.78000000000029104e+01,-9.94879397402501503e-02,-3.46885520143079779e-08,-2.84527438495403351e-01,-1.67042787440669960e+00, 6.78903281796666591e-01, 3.13468476078144478e-03, 1.22794276917828644e-02,-7.57424580377274004e-01,-2.11153216244845295e-02, 7.53947251418779385e-01,-4.87158731634591211e-02, 1.36732574246927485e+00, 1.53479950458798326e-03,-8.01106772540523338e+01
 2.59971373371270742e-01, 7.78500000000058208e+01,-9.94878192835423475e-02,-3.46706251098213383e-08,-2.84747336507808146e-01,-1.67026405986241211e+00, 6.80200420311226517e-01, 3.13059443270660405e-03, 1.22971349348522038e-02,-7.58228620766099093e-01,-2.11148299266088295e-02, 7.53987331566540520e-01,-4.86937361043711867e-02, 1.36682381095840966e+00, 1.53843286054232875e-03,-8.01074489520382969e+01
 2.59910821316130858e-01, 7.79000000000087311e+01,-9.94876974100137035e-02,-3.46527229444224894e-08,-2.84967145695690705e-01,-1.67010027547829853e+00, 6.81496823384908135e-01, 3.12649518255972642e-03, 1.23148079945068732e-02,-7.59032699250459797e-01,-2.11143383438640586e-02, 7.54027401642542561e-01,-4.86716255226037967e-02, 1.36632260268585859e+00, 1.54206691097477991e-03,-8.01042214059303319e+01
 2.59850354316926213e-01, 7.79500000000116415e+01,-9.94875741220496296e-02,-3.46348454791399682e-08,-2.85186866231133096e-01,-1.66993652105306345e+00, 6.82792492737020584e-01, 3.12238711928035199e-03, 1.23324469296694616e-02,-7.59836816120812664e-01,-2.11138468757196586e-02, 7.54067461690236751e-01,-4.86495413480934127e-02, 1.36582211581793822e+00, 1.54570165696070808e-03,-8.01009946122450032e+01
 2.59789972156186821e-01, 7.80000000000000000e+01,-9.94874494220415878e-02,-3.46169926750145671e-08,-2.85406498286571497e-01,-1.66977279638544318e+00, 6.84087430084562520e-01, 3.11827035049600659e-03, 1.23500517991796867e-02,-7.60640971667233101e-01,-2.11133555216452204e-02, 7.54107511753059900e-01,-4.86274835107988468e-02, 1.36532234852114076e+00, 1.54933709959089697e-03,-8.00977685674998412e+01
 2.59729674616390016e-01, 7.80500000000029104e+01,-9.94873233123868134e-02,-3.45991644930785485e-08,-2.85626042035051542e-01,-1.66960910127400930e+00, 6.85381637143757216e-01, 3.11414498251901548e-03, 1.23676226618154982e-02,-7.61445166180349964e-01,-2.11128642811099013e-02, 7.54147551874480571e-01,-4.86054519406755106e-02, 1.36482329896155541e+00, 1.55297323997583480e-03,-8.00945432682095202e+01
 2.59669461480065811e-01, 7.81000000000058208e+01,-9.94871957954887171e-02,-3.45813608943868132e-08,-2.85845497649843849e-01,-1.66944543551746061e+00, 6.86675115627761401e-01, 3.11001112035499570e-03, 1.23851595762617759e-02,-7.62249399949942563e-01,-2.11123731535832887e-02, 7.54187582097930354e-01,-4.85834465677140032e-02, 1.36432496530574054e+00, 1.55661007923928001e-03,-8.00913187108915707e+01
 2.59609332529726622e-01, 7.81500000000087311e+01,-9.94870668737565106e-02,-3.45635818399961017e-08,-2.86064865304699767e-01,-1.66928179891442774e+00, 6.87967867248200360e-01, 3.10586886769966073e-03, 1.24026626011314312e-02,-7.63053673265876475e-01,-2.11118821385348245e-02, 7.54227602466849611e-01,-4.85614673219143464e-02, 1.36382734572014441e+00, 1.56024761852255312e-03,-8.00880948920625571e+01
 2.59549287547884977e-01, 7.82000000000116415e+01,-9.94869365496053870e-02,-3.45458272909701821e-08,-2.86284145173786531e-01,-1.66911819126352201e+00, 6.89259893714781025e-01, 3.10171832694141475e-03, 1.24201317949601438e-02,-7.63857986417868617e-01,-2.11113912354339572e-02, 7.54267613024676153e-01,-4.85395141332923760e-02, 1.36333043837125190e+00, 1.56388585898344025e-03,-8.00848718082390434e+01
 2.59489326317070668e-01, 7.82500000000000000e+01,-9.94868048254565346e-02,-3.45280972083850118e-08,-2.86503337431623040e-01,-1.66895461236338627e+00, 6.90551196734912276e-01, 3.09755959916398205e-03, 1.24375672162012549e-02,-7.64662339695255100e-01,-2.11109004437502745e-02, 7.54307613814833022e-01,-4.85175869318861391e-02, 1.36283424142572973e+00, 1.56752480179511732e-03,-8.00816494559385461e+01
 2.59429448619761249e-01, 7.83000000000029104e+01,-9.94866717037368870e-02,-3.45103915533080517e-08,-2.86722442253334875e-01,-1.66879106201249972e+00, 6.91841778015214737e-01, 3.09339278414303299e-03, 1.24549689232462350e-02,-7.65466733387925480e-01,-2.11104097629529301e-02, 7.54347604880776124e-01,-4.84956856477304146e-02, 1.36233875304985164e+00, 1.57116444815039104e-03,-8.00784278316757678e+01
 2.59369654238486735e-01, 7.83500000000058208e+01,-9.94865371868794701e-02,-3.44927102868292814e-08,-2.86941459814270605e-01,-1.66862754000946767e+00, 6.93131639259266907e-01, 3.08921798035487975e-03, 1.24723369743943140e-02,-7.66271167784919549e-01,-2.11099191925115150e-02, 7.54387586265922949e-01,-4.84738102108948979e-02, 1.36184397141036628e+00, 1.57480479925533549e-03,-8.00752069319682249e+01
 2.59309942955759432e-01, 7.84000000000087311e+01,-9.94864012773230971e-02,-3.44750533700404610e-08,-2.87160390290256751e-01,-1.66846404615282706e+00, 6.94420782169121065e-01, 3.08503528497312048e-03, 1.24896714278730798e-02,-7.67075643175362920e-01,-2.11094287318954708e-02, 7.54427558013700983e-01,-4.84519605514585616e-02, 1.36134989467391931e+00, 1.57844585633355261e-03,-8.00719867533324674e+01
 2.59250314554091865e-01, 7.84500000000116415e+01,-9.94862639775125623e-02,-3.44574207640403914e-08,-2.87379233857533334e-01,-1.66830058024109884e+00, 6.95709208444895144e-01, 3.08084479387110742e-03, 1.25069723418328137e-02,-7.67880159848233990e-01,-2.11089383805742464e-02, 7.54467520167534267e-01,-4.84301365995163172e-02, 1.36085652100720123e+00, 1.58208762062501842e-03,-8.00687672922851021e+01
 2.59190768816013772e-01, 7.85000000000000000e+01,-9.94861252898985166e-02,-3.44398124299399040e-08,-2.87597990692689820e-01,-1.66813714207282970e+00, 6.96996919784448998e-01, 3.07664660162482997e-03, 1.25242397743425254e-02,-7.68684718092128016e-01,-2.11084481380174258e-02, 7.54507472770832632e-01,-4.84083382851848987e-02, 1.36036384857709036e+00, 1.58573009338514146e-03,-8.00655485453436029e+01
 2.59131305524002931e-01, 7.85500000000029104e+01,-9.94859852169373698e-02,-3.44222283288414591e-08,-2.87816660972919414e-01,-1.66797373144640781e+00, 6.98283917884835126e-01, 3.07244080150919632e-03, 1.25414737834091666e-02,-7.69489318196195593e-01,-2.11079580036941696e-02, 7.54547415867038773e-01,-4.83865655385780011e-02, 1.35987187555008315e+00, 1.58937327588887646e-03,-8.00623305090226864e+01
 2.59071924460589131e-01, 7.86000000000058208e+01,-9.94858437610915691e-02,-3.44046684218698509e-08,-2.88035244875636198e-01,-1.66781034816034457e+00, 6.99570204440083443e-01, 3.06822748550692175e-03, 1.25586744269481493e-02,-7.70293960448736659e-01,-2.11074679770740584e-02, 7.54587349499556748e-01,-4.83648182898438680e-02, 1.35938060009315409e+00, 1.59301716942443212e-03,-8.00591131798398550e+01
 2.59012625408284902e-01, 7.86500000000087311e+01,-9.94857009248293345e-02,-3.43871326701516671e-08,-2.88253742578729766e-01,-1.66764699201308630e+00, 7.00855781142679990e-01, 3.06400674430494209e-03, 1.25758417628031340e-02,-7.71098645138137417e-01,-2.11069780576265478e-02, 7.54627273711799829e-01,-4.83430964691401940e-02, 1.35889002037318418e+00, 1.59666177529745176e-03,-8.00558965543117012e+01
 2.58953408149602549e-01, 7.87000000000116415e+01,-9.94855567106247562e-02,-3.43696210348204501e-08,-2.88472154260500713e-01,-1.66748366280305871e+00, 7.02140649683221874e-01, 3.05977866729715458e-03, 1.25929758487416180e-02,-7.71903372552635636e-01,-2.11064882448210728e-02, 7.54667188547179624e-01,-4.83214000066401958e-02, 1.35840013455710440e+00, 1.60030709483001844e-03,-8.00526806289547750e+01
 2.58894272467071807e-01, 7.87500000000000000e+01,-9.94854111209577952e-02,-3.43521334770217200e-08,-2.88690480099596969e-01,-1.66732036032871789e+00, 7.03424811750014367e-01, 3.05554334258690587e-03, 1.26100767424494522e-02,-7.72708142980087720e-01,-2.11059985381272242e-02, 7.54707094049092198e-01,-4.82997288325392043e-02, 1.35791094081204244e+00, 1.60395312935951028e-03,-8.00494654002865929e+01
 2.58835218143170676e-01, 7.88000000000029104e+01,-9.94852641583141711e-02,-3.43346699578926986e-08,-2.88908720275267150e-01,-1.66715708438835852e+00, 7.04708269030582923e-01, 3.05130085698350310e-03, 1.26271445015511286e-02,-7.73512956708903854e-01,-2.11055089370141627e-02, 7.54746990260966255e-01,-4.82780828770290951e-02, 1.35742243730475232e+00, 1.60759988024287829e-03,-8.00462508648218574e+01
 2.58776244960428781e-01, 7.88500000000058208e+01,-9.94851158251854606e-02,-3.43172304385927297e-08,-2.89126874966978975e-01,-1.66699383478039942e+00, 7.05991023209431523e-01, 3.04705129601099030e-03, 1.26441791835799656e-02,-7.74317814026644569e-01,-2.11050194409514690e-02, 7.54786877226193198e-01,-4.82564620703363964e-02, 1.35693462220247008e+00, 1.61124734885027257e-03,-8.00430370190780707e+01
 2.58717352701358649e-01, 7.89000000000087311e+01,-9.94849661240691102e-02,-3.42998148802830235e-08,-2.89344944354673062e-01,-1.66683061130319499e+00, 7.07273075969525489e-01, 3.04279474390452189e-03, 1.26611808459978752e-02,-7.75122715220955216e-01,-2.11045300494085986e-02, 7.54826754988172310e-01,-4.82348663426968999e-02, 1.35644749367234718e+00, 1.61489553656924550e-03,-8.00398238595718254e+01
 2.58658541148472698e-01, 7.89500000000116415e+01,-9.94848150574682705e-02,-3.42824232441316190e-08,-2.89562928618698645e-01,-1.66666741375507810e+00, 7.08554428991946761e-01, 3.03853128361308454e-03, 1.26781495461909515e-02,-7.75927660579334488e-01,-2.11040407618549863e-02, 7.54866623590302099e-01,-4.82132956243619404e-02, 1.35596104988159305e+00, 1.61854444480375261e-03,-8.00366113828196717e+01
 2.58599804674360112e-01, 7.90000000000000000e+01,-9.94846627408568079e-02,-3.42650518677025190e-08,-2.89780827642416250e-01,-1.66650423892470068e+00, 7.09835103371941556e-01, 3.03426419913894888e-03, 1.26950856975707044e-02,-7.76732670522041979e-01,-2.11035515703422959e-02, 7.54906483680383822e-01,-4.81917482612894549e-02, 1.35547524425313726e+00, 1.62219410538383619e-03,-8.00333995366358408e+01
 2.58541143615611591e-01, 7.90500000000029104e+01,-9.94845091652695607e-02,-3.42477010836357526e-08,-2.89998641637731924e-01,-1.66634108691838345e+00, 7.11115098780180643e-01, 3.02999325960088585e-03, 1.27119893201063962e-02,-7.77537743271677351e-01,-2.11030624750994135e-02, 7.54946335239899180e-01,-4.81702243462537386e-02, 1.35499007954156192e+00, 1.62584451656605164e-03,-8.00301883225231165e+01
 2.58482561714623804e-01, 7.91000000000058208e+01,-9.94843542505798040e-02,-3.42303735056034152e-08,-2.90216371003812756e-01,-1.66617795973740379e+00, 7.12394402671506999e-01, 3.02571620721621502e-03, 1.27288602099537868e-02,-7.78342864377026267e-01,-2.11025734810256112e-02, 7.54986177869798492e-01,-4.81487249693150626e-02, 1.35450558666758081e+00, 1.62949565751353159e-03,-8.00269777726482374e+01
 2.58424058727810824e-01, 7.91500000000087311e+01,-9.94841979998746379e-02,-3.42130690773758266e-08,-2.90434015921218203e-01,-1.66601485716547981e+00, 7.13673016809765692e-01, 3.02143313820393312e-03, 1.27456984257720788e-02,-7.79148034221589625e-01,-2.11020845875545468e-02, 7.55026011616377946e-01,-4.81272500531846337e-02, 1.35402176358361293e+00, 1.63314752983019919e-03,-8.00237678832928339e+01
 2.58365634411586498e-01, 7.92000000000116415e+01,-9.94840404162476016e-02,-3.41957877427322273e-08,-2.90651576570913617e-01,-1.66585177898631009e+00, 7.14950942956788849e-01, 3.01714414761477655e-03, 1.27625040261395914e-02,-7.79953253188698903e-01,-2.11015957941198783e-02, 7.55065836525932399e-01,-4.81057995205904990e-02, 1.35353860824217276e+00, 1.63680013513584945e-03,-8.00205586507385220e+01
 2.58307288522381884e-01, 7.92500000000000000e+01,-9.94838815027985213e-02,-3.41785294454657938e-08,-2.90869053134206301e-01,-1.66568872498362053e+00, 7.16228182872023833e-01, 3.01284932933377873e-03, 1.27792770695489329e-02,-7.80758521661284011e-01,-2.11011071001554092e-02, 7.55105652644741054e-01,-4.80843732942840899e-02, 1.35305611859601393e+00, 1.64045347506507218e-03,-8.00173500712678418e+01
 2.58249020816576969e-01, 7.93000000000029104e+01,-9.94837212626334122e-02,-3.41612941293635288e-08,-2.91086445792998583e-01,-1.66552569494097669e+00, 7.17504738314004631e-01, 3.00854877607650362e-03, 1.27960176144262874e-02,-7.81563840022810208e-01,-2.11006185050945129e-02, 7.55145460019115422e-01,-4.80629712970149225e-02, 1.35257429259756856e+00, 1.64410755127146133e-03,-8.00141421411605620e+01
 2.58190831050602698e-01, 7.93500000000058208e+01,-9.94835596988647985e-02,-3.41440817382364163e-08,-2.91303754729407005e-01,-1.66536268864206716e+00, 7.18780611038141726e-01, 3.00424257939794137e-03, 1.28127257191025714e-02,-7.82369208655870341e-01,-2.11001300083709896e-02, 7.55185258695329376e-01,-4.80415934515683526e-02, 1.35209312819979011e+00, 1.64776236542127103e-03,-8.00109348566992367e+01
 2.58132718980873033e-01, 7.94000000000087311e+01,-9.94833968146113801e-02,-3.41268922158992721e-08,-2.91520980126015239e-01,-1.66519970587051214e+00, 7.20055802798210243e-01, 2.99993082968880902e-03, 1.28294014418330448e-02,-7.83174627943124535e-01,-2.10996416094184971e-02, 7.55225048719665448e-01,-4.80202396807402343e-02, 1.35161262335559362e+00, 1.65141791919766424e-03,-8.00077282141654678e+01
 2.58074684363801987e-01, 7.94500000000116415e+01,-9.94832326129981986e-02,-3.41097255061757992e-08,-2.91738122165810576e-01,-1.66503674640991406e+00, 7.21330315345961703e-01, 2.99561361617800646e-03, 1.28460448407921608e-02,-7.83980098267064385e-01,-2.10991533076706934e-02, 7.55264830138403065e-01,-4.79989099073435052e-02, 1.35113277601799964e+00, 1.65507421429959812e-03,-8.00045222098408857e+01
 2.58016726955820341e-01, 7.95000000000000000e+01,-9.94830670971566106e-02,-3.40925815529035440e-08,-2.91955181032119482e-01,-1.66487381004390422e+00, 7.22604150430768533e-01, 2.99129102693523668e-03, 1.28626559740690916e-02,-7.84785620009779028e-01,-2.10986651025613856e-02, 7.55304602997807661e-01,-4.79776040542140014e-02, 1.35065358414027048e+00, 1.65873125244078495e-03,-8.00013168400080446e+01
 2.57958846513308415e-01, 7.95500000000029104e+01,-9.94829002702241338e-02,-3.40754602999139321e-08,-2.92172156908860670e-01,-1.66471089655595073e+00, 7.23877309801111202e-01, 2.98696314886726056e-03, 1.28792348996871961e-02,-7.85591193553892952e-01,-2.10981769935239434e-02, 7.55344367344175538e-01,-4.79563220441859839e-02, 1.35017504567535807e+00, 1.66238903535395285e-03,-7.99981121009466847e+01
 2.57901042792696988e-01, 7.96000000000058208e+01,-9.94827321353446287e-02,-3.40583616910622183e-08,-2.92389049980164684e-01,-1.66454800572964623e+00, 7.25149795202336911e-01, 2.98263006772664417e-03, 1.28957816755747318e-02,-7.86396819281158566e-01,-2.10976889799921671e-02, 7.55384123223766357e-01,-4.79350638001291435e-02, 1.34969715857673878e+00, 1.66604756478440624e-03,-7.99949079889393744e+01
 2.57843315550400076e-01, 7.96500000000087311e+01,-9.94825626956682280e-02,-3.40412856702074693e-08,-2.92605860430626696e-01,-1.66438513734851545e+00, 7.26421608378162387e-01, 2.97829186810808248e-03, 1.29122963595846713e-02,-7.87202497573395443e-01,-2.10972010613997181e-02, 7.55423870682847776e-01,-4.79138292449237252e-02, 1.34921992079786035e+00, 1.66970684249432471e-03,-7.99917045002677298e+01
 2.57785664542831694e-01, 7.97000000000116415e+01,-9.94823919543512541e-02,-3.40242321812175791e-08,-2.92822588445242726e-01,-1.66422229119606491e+00, 7.27692751070303401e-01, 2.97394863345091598e-03, 1.29287790094898946e-02,-7.88008228812253853e-01,-2.10967132371802611e-02, 7.55463609767684785e-01,-4.78926183014668841e-02, 1.34874333029227933e+00, 1.67336687026168555e-03,-7.99885016312133530e+01
 2.57728089526422455e-01, 7.97500000000000000e+01,-9.94822199145563579e-02,-3.40072011679742328e-08,-2.93039234209345689e-01,-1.66405946705582886e+00, 7.28963225018086414e-01, 2.96960044604156455e-03, 1.29452296829781106e-02,-7.88814013378982382e-01,-2.10962255067675859e-02, 7.55503340524528055e-01,-4.78714308926786666e-02, 1.34826738501380117e+00, 1.67702764987914593e-03,-7.99852993780588122e+01
 2.57670590257552901e-01, 7.98000000000029104e+01,-9.94820465794522130e-02,-3.39901925743530340e-08,-2.93255797908857752e-01,-1.66389666471118103e+00, 7.30233031959949042e-01, 2.96524738700981467e-03, 1.29616484376714816e-02,-7.89619851655364413e-01,-2.10957378695950729e-02, 7.55543062999659565e-01,-4.78502669414774678e-02, 1.34779208291593067e+00, 1.68068918315834610e-03,-7.99820977370838619e+01
 2.57613166492653756e-01, 7.98500000000058208e+01,-9.94818719522139044e-02,-3.39732063442532235e-08,-2.93472279729910690e-01,-1.66373388394561705e+00, 7.31502173631219943e-01, 2.96088953633764657e-03, 1.29780353310979240e-02,-7.90425744022311916e-01,-2.10952503250965220e-02, 7.55582777239323766e-01,-4.78291263708168629e-02, 1.34731742195270088e+00, 1.68435147192350521e-03,-7.99788967045710422e+01
 2.57555817988138980e-01, 7.99000000000087311e+01,-9.94816960360226793e-02,-3.39562424215779006e-08,-2.93688679859098412e-01,-1.66357112454256728e+00, 7.32770651765585757e-01, 2.95652697285535152e-03, 1.29943904207100759e-02,-7.91231690860802916e-01,-2.10947628727055914e-02, 7.55622483289774216e-01,-4.78080091036611060e-02, 1.34684340007812198e+00, 1.68801451801564128e-03,-7.99756962768019832e+01
 2.57498544500422588e-01, 7.99500000000116415e+01,-9.94815188340659323e-02,-3.39393007502389124e-08,-2.93904998483413005e-01,-1.66340838628544185e+00, 7.34038468094737495e-01, 2.95215977424410306e-03, 1.30107137638808962e-02,-7.92037692551647021e-01,-2.10942755118559491e-02, 7.55662181197261029e-01,-4.77869150629911532e-02, 1.34637001524632027e+00, 1.69167832329153748e-03,-7.99724964500583013e+01
 2.57441345785935194e-01, 8.00000000000000000e+01,-9.94813403495373311e-02,-3.39223812741617977e-08,-2.94121235790181179e-01,-1.66324566895767956e+00, 7.35305624347999509e-01, 2.94778801703844294e-03, 1.30270054178989181e-02,-7.92843749475251491e-01,-2.10937882419813816e-02, 7.55701871008019777e-01,-4.77658441718106994e-02, 1.34589726541167787e+00, 1.69534288962265903e-03,-7.99692972206225363e+01
 2.57384221601057395e-01, 8.00500000000029104e+01,-9.94811605856365383e-02,-3.39054839372660866e-08,-2.94337391967315731e-01,-1.66308297234255820e+00, 7.36572122253794204e-01, 2.94341177662236922e-03, 1.30432654399870816e-02,-7.93649862012558494e-01,-2.10933010625152691e-02, 7.55741552768318781e-01,-4.77447963531218988e-02, 1.34542514852828288e+00, 1.69900821889938788e-03,-7.99660985847744570e+01
 2.57327171702219915e-01, 8.01000000000058208e+01,-9.94809795455696005e-02,-3.38886086834948079e-08,-2.94553467202937402e-01,-1.66292029622347770e+00, 7.37837963537448127e-01, 2.93903112723825936e-03, 1.30594938872747035e-02,-7.94456030543638669e-01,-2.10928139728914152e-02, 7.55781226524386951e-01,-4.77237715299618642e-02, 1.34495366255075677e+00, 1.70267431302465540e-03,-7.99629005387966032e+01
 2.57270195845836713e-01, 8.01500000000087311e+01,-9.94807972325486012e-02,-3.38717554567948018e-08,-2.94769461685626122e-01,-1.66275764038377472e+00, 7.39103149922644587e-01, 2.93464614198289805e-03, 1.30756908168160706e-02,-7.95262255448629163e-01,-2.10923269725434848e-02, 7.55820892322463189e-01,-4.77027696253783176e-02, 1.34448280543370413e+00, 1.70634117391814844e-03,-7.99597030789706196e+01
 2.57213293788321695e-01, 8.02000000000116415e+01,-9.94806136497917992e-02,-3.38549242011216371e-08,-2.94985375604357447e-01,-1.66259500460676146e+00, 7.40367683131093912e-01, 2.93025689281011664e-03, 1.30918562855865013e-02,-7.96068537107497698e-01,-2.10918400609051183e-02, 7.55860550208783177e-01,-4.76817905624355234e-02, 1.34401257513185279e+00, 1.71000880351532595e-03,-7.99565062015780939e+01
 2.57156465286105473e-01, 8.02500000000000000e+01,-9.94804288005236570e-02,-3.38381148604444814e-08,-2.95201209148439392e-01,-1.66243238867578302e+00, 7.41631564882128447e-01, 2.92586345053310899e-03, 1.31079903504770015e-02,-7.96874875899809765e-01,-2.10913532374101334e-02, 7.55900200229568053e-01,-4.76608342642205474e-02, 1.34354296960019193e+00, 1.71367720376625348e-03,-7.99533099029015801e+01
 2.57099710095568867e-01, 8.03000000000029104e+01,-9.94802426879745766e-02,-3.38213273787265333e-08,-2.95416962507763337e-01,-1.66226979237402173e+00, 7.42894796894188025e-01, 2.92146588482057037e-03, 1.31240930683133722e-02,-7.97681272205666869e-01,-2.10908665014918964e-02, 7.55939842431070486e-01,-4.76399006538187342e-02, 1.34307398679342405e+00, 1.71734637663989637e-03,-7.99501141792208472e+01
 2.57043027973142435e-01, 8.03500000000058208e+01,-9.94800553153813161e-02,-3.38045616999543577e-08,-2.95632635872426108e-01,-1.66210721548478313e+00, 7.44157380882617625e-01, 2.91706426420557021e-03, 1.31401644958281834e-02,-7.98487726404297549e-01,-2.10903798525842109e-02, 7.55979476859505617e-01,-4.76189896543503730e-02, 1.34260562466678923e+00, 1.72101632411772064e-03,-7.99469190268184491e+01
 2.56986418675240136e-01, 8.04000000000087311e+01,-9.94798666859866149e-02,-3.37878177681183244e-08,-2.95848229432981558e-01,-1.66194465779130729e+00, 7.45419318561141409e-01, 2.91265865608163069e-03, 1.31562046896796601e-02,-7.99294238874996954e-01,-2.10898932901207418e-02, 7.56019103561097139e-01,-4.75981011889461889e-02, 1.34213788117551847e+00, 1.72468704819795683e-03,-7.99437244419760020e+01
 2.56929881958275985e-01, 8.04500000000116415e+01,-9.94796768030393047e-02,-3.37710955272174590e-08,-2.96063743380376498e-01,-1.66178211907681272e+00, 7.46680611641498015e-01, 2.90824912670519485e-03, 1.31722137064471268e-02,-8.00100809996891371e-01,-2.10894068135351435e-02, 7.56058722582066078e-01,-4.75772351807534077e-02, 1.34167075427497129e+00, 1.72835855089453327e-03,-7.99405304209751080e+01
 2.56873417578680319e-01, 8.05000000000000000e+01,-9.94794856697944346e-02,-3.37543949212643130e-08,-2.96279177905887980e-01,-1.66161959912454837e+00, 7.47941261833054316e-01, 2.90383574119799232e-03, 1.31881916026260326e-02,-8.00907440148704408e-01,-2.10889204222612092e-02, 7.56098333968618586e-01,-4.75563915529419526e-02, 1.34120424192077259e+00, 1.73203083423595144e-03,-7.99373369600983352e+01
 2.56817025292834344e-01, 8.05500000000029104e+01,-9.94792932895129378e-02,-3.37377158942655418e-08,-2.96494533201373478e-01,-1.66145709771760175e+00, 7.49201270844304879e-01, 2.89941856354320208e-03, 1.32041384346472147e-02,-8.01714129709695800e-01,-2.10884341157323227e-02, 7.56137937766993229e-01,-4.75355702286800255e-02, 1.34073834206827103e+00, 1.73570390026962762e-03,-7.99341440556254241e+01
 2.56760704857168343e-01, 8.06000000000058208e+01,-9.94790996654619925e-02,-3.37210583902509884e-08,-2.96709809458894191e-01,-1.66129461463918382e+00, 7.50460640380639754e-01, 2.89499765659418295e-03, 1.32200542588484706e-02,-8.02520879058251868e-01,-2.10879478933822841e-02, 7.56177534023389719e-01,-4.75147711311705856e-02, 1.34027305267335506e+00, 1.73937775105540001e-03,-7.99309517038389430e+01
 2.56704468365006599e-01, 8.06500000000087311e+01,-9.94789044716347659e-02,-3.37044238455583765e-08,-2.96925008183206496e-01,-1.66113214818358923e+00, 7.51719381571636980e-01, 2.89057511929103738e-03, 1.32359392989492616e-02,-8.03327721390553862e-01,-2.10874617510037714e-02, 7.56217123080517806e-01,-4.74939975728705527e-02, 1.33980847360734101e+00, 1.74305240178964792e-03,-7.99277598771152356e+01
 2.56648308447585571e-01, 8.07000000000116415e+01,-9.94787079013182002e-02,-3.36878113422571086e-08,-2.97140128810718274e-01,-1.66096969899379832e+00, 7.52977490667413374e-01, 2.88614984413178548e-03, 1.32517935140811782e-02,-8.04134638127930290e-01,-2.10869756901333645e-02, 7.56256704813321967e-01,-4.74732475191839143e-02, 1.33934454395608071e+00, 1.74672784695140506e-03,-7.99245685855428292e+01
 2.56592222111719337e-01, 8.07500000000000000e+01,-9.94785100311296883e-02,-3.36712204917692717e-08,-2.97355171242690119e-01,-1.66080726718475802e+00, 7.54234967264177825e-01, 2.88172143941061928e-03, 1.32676169229120899e-02,-8.04941622333029350e-01,-2.10864897110162805e-02, 7.56296279201911337e-01,-4.74525201378518391e-02, 1.33888123895819100e+00, 1.75040408571176961e-03,-7.99213778307318279e+01
 2.56536209237618051e-01, 8.08000000000029104e+01,-9.94783108610120814e-02,-3.36546512530988483e-08,-2.97570135686462289e-01,-1.66064485252450389e+00, 7.55491813153115199e-01, 2.87728998610925144e-03, 1.32834095830729228e-02,-8.05748674712895907e-01,-2.10860038130493629e-02, 7.56335846295481340e-01,-4.74318153860476266e-02, 1.33841855759031048e+00, 1.75408112031885167e-03,-7.99181876087220502e+01
 2.56480269705540720e-01, 8.08500000000058208e+01,-9.94781103909117559e-02,-3.36381035852713740e-08,-2.97785022349597972e-01,-1.66048245478119605e+00, 7.56748030122186277e-01, 2.87285556422604621e-03, 1.32991715520965718e-02,-8.06555795973653789e-01,-2.10855179956298613e-02, 7.56375406143189766e-01,-4.74111332209732270e-02, 1.33795649882946655e+00, 1.75775895303254492e-03,-7.99149979155561425e+01
 2.56424403395730083e-01, 8.09000000000087311e+01,-9.94779086207782381e-02,-3.36215774473145350e-08,-2.97999831440132978e-01,-1.66032007372292334e+00, 7.58003619957643093e-01, 2.86841825277217620e-03, 1.33149028874373077e-02,-8.07362986821441697e-01,-2.10850322581549003e-02, 7.56414958794204173e-01,-4.73904735998346219e-02, 1.33749506165254228e+00, 1.76143758612892212e-03,-7.99118087472757423e+01
 2.56368610188428880e-01, 8.09500000000116415e+01,-9.94777055505644547e-02,-3.36050727982630850e-08,-2.98214563166512403e-01,-1.66015770911775773e+00, 7.59258584443607831e-01, 2.86397812977379727e-03, 1.33306036464652233e-02,-8.08170247962182953e-01,-2.10845466000215802e-02, 7.56454504297687236e-01,-4.73698364798482083e-02, 1.33703424503640700e+00, 1.76511702189901870e-03,-7.99086200999225440e+01
 2.56312889963896118e-01, 8.10000000000000000e+01,-9.94775011802267323e-02,-3.35885895971635567e-08,-2.98429217737527841e-01,-1.65999536073379828e+00, 7.60512925361734315e-01, 2.85953527227453871e-03, 1.33462738864622323e-02,-8.08977580101346794e-01,-2.10840610206271678e-02, 7.56494042702787306e-01,-4.73492218182466756e-02, 1.33657404795805412e+00, 1.76879726264781876e-03,-7.99054319695391655e+01
 2.56257242602342006e-01, 8.10500000000029104e+01,-9.94772955097244366e-02,-3.35721278030550978e-08,-2.98643795362566133e-01,-1.65983302833898061e+00, 7.61766644492678391e-01, 2.85508975633147260e-03, 1.33619136646405713e-02,-8.09784983944890402e-01,-2.10835755193684825e-02, 7.56533574058684710e-01,-4.73286295722549558e-02, 1.33611446939406475e+00, 1.77247831069855897e-03,-7.99022443521654111e+01
 2.56201667984025494e-01, 8.11000000000058208e+01,-9.94770885390204584e-02,-3.35556873749982567e-08,-2.98858296251234501e-01,-1.65967071170136493e+00, 7.63019743613891022e-01, 2.85064165702388767e-03, 1.33775230381151782e-02,-8.10592460197848030e-01,-2.10830900956427841e-02, 7.56573098414522249e-01,-4.73080596991260829e-02, 1.33565550832141300e+00, 1.77616016838624412e-03,-7.98990572438438846e+01
 2.56146165989189378e-01, 8.11500000000087311e+01,-9.94768802680809361e-02,-3.35392682720557590e-08,-2.99072720613609455e-01,-1.65950841058894460e+00, 7.64272224501078568e-01, 2.84619104844920263e-03, 1.33931020639220053e-02,-8.11400009565271141e-01,-2.10826047488471974e-02, 7.56612615819449719e-01,-4.72875121561175740e-02, 1.33519716371693198e+00, 1.77984283806192781e-03,-7.98958706406162804e+01
 2.56090736498076343e-01, 8.12000000000116415e+01,-9.94766706968753106e-02,-3.35228704532973051e-08,-2.99287068660173683e-01,-1.65934612476969101e+00, 7.65524088927851620e-01, 2.84173800372538969e-03, 1.34086507990137972e-02,-8.12207632751994257e-01,-2.10821194783788225e-02, 7.56652126322614582e-01,-4.72669869004969795e-02, 1.33473943455744704e+00, 1.78352632209166748e-03,-7.98926845385242785e+01
 2.56035379390945284e-01, 8.12500000000000000e+01,-9.94764598253763538e-02,-3.35064938778043281e-08,-2.99501340601753319e-01,-1.65918385401160551e+00, 7.66775338665357298e-01, 2.83728259499333064e-03, 1.34241693002555579e-02,-8.13015330462398045e-01,-2.10816342836349230e-02, 7.56691629973149760e-01,-4.72464838895481215e-02, 1.33428231981991030e+00, 1.78721062285542719e-03,-7.98894989336104828e+01
 2.55980094548006631e-01, 8.13000000000029104e+01,-9.94762476535599183e-02,-3.34901385046509225e-08,-2.99715536649766245e-01,-1.65902159808252514e+00, 7.68025975483743406e-01, 2.83282489341272602e-03, 1.34396576244428211e-02,-8.13823103401351333e-01,-2.10811491640123215e-02, 7.56731126820219480e-01,-4.72260030805470715e-02, 1.33382581848086934e+00, 1.79089574275138517e-03,-7.98863138219146975e+01
 2.55924881849519337e-01, 8.13500000000058208e+01,-9.94760341814054094e-02,-3.34738042929324444e-08,-2.99929657015848061e-01,-1.65885935675041218e+00, 7.69276001149953315e-01, 2.82836496917085760e-03, 1.34551158282742462e-02,-8.14630952272799691e-01,-2.10806641189082815e-02, 7.56770616912949778e-01,-4.72055444307979341e-02, 1.33336992951726674e+00, 1.79458168418943531e-03,-7.98831291994795407e+01
 2.55869741175726029e-01, 8.14000000000087311e+01,-9.94758194088953968e-02,-3.34574912017464074e-08,-3.00143701912100325e-01,-1.65869712978316119e+00, 7.70525417429195891e-01, 2.82390289147850830e-03, 1.34705439683700055e-02,-8.15438877780706561e-01,-2.10801791477199102e-02, 7.56810100300474908e-01,-4.71851078976091021e-02, 1.33291465190590763e+00, 1.79826844959550297e-03,-7.98799450623467067e+01
 2.55814672406869503e-01, 8.14500000000116415e+01,-9.94756033360157249e-02,-3.34411991901972666e-08,-3.00357671551027605e-01,-1.65853491694864696e+00, 7.71774226084595560e-01, 2.81943872857236700e-03, 1.34859421012675749e-02,-8.16246880628816673e-01,-2.10796942498443322e-02, 7.56849577031927012e-01,-4.71646934382990921e-02, 1.33245998462359561e+00, 1.80195604141049522e-03,-7.98767614065578613e+01
 2.55759675423208432e-01, 8.15000000000000000e+01,-9.94753859627555831e-02,-3.34249282174011241e-08,-3.00571566145475089e-01,-1.65837271801476938e+00, 7.73022428876817824e-01, 2.81497254771733525e-03, 1.35013102834171585e-02,-8.17054961520422673e-01,-2.10792094246787902e-02, 7.56889047156422357e-01,-4.71443010102023732e-02, 1.33200592664726392e+00, 1.80564446208919690e-03,-7.98735782281555942e+01
 2.55704750104953638e-01, 8.15500000000029104e+01,-9.94751672891072553e-02,-3.34086782424668024e-08,-3.00785385908876490e-01,-1.65821053274927155e+00, 7.74270027565510111e-01, 2.81050441520231103e-03, 1.35166485711993595e-02,-8.17863121159304263e-01,-2.10787246716201276e-02, 7.56928510723109071e-01,-4.71239305706459069e-02, 1.33155247695344814e+00, 1.80933371410452030e-03,-7.98703955231797522e+01
 2.55649894120259402e-01, 8.16000000000058208e+01,-9.94749473787561039e-02,-3.33924512924154077e-08,-3.00999128588562426e-01,-1.65804836168572112e+00, 7.75517018863041141e-01, 2.80603488601549383e-03, 1.35319569203549359e-02,-8.18671323135989781e-01,-2.10782399920264561e-02, 7.56967967621467896e-01,-4.71035814836042246e-02, 1.33109961625750373e+00, 1.81302378377921143e-03,-7.98672133005472489e+01
 2.55595108775898194e-01, 8.16500000000087311e+01,-9.94747261906583496e-02,-3.33762459927188845e-08,-3.01212795986998683e-01,-1.65788620409819765e+00, 7.76763407780726611e-01, 2.80156371100382046e-03, 1.35472354520521001e-02,-8.19479592088850795e-01,-2.10777553840304707e-02, 7.57007418003557975e-01,-4.70832540891533494e-02, 1.33064735531423417e+00, 1.81671468401272914e-03,-7.98640315479980245e+01
 2.55540394075376709e-01, 8.17000000000116415e+01,-9.94745037212786398e-02,-3.33600621872225996e-08,-3.01426388455328376e-01,-1.65772405971180126e+00, 7.78009196354078836e-01, 2.79709092717817269e-03, 1.35624842280709541e-02,-8.20287930789961206e-01,-2.10772708469199495e-02, 7.57046861927397452e-01,-4.70629483777507615e-02, 1.33019569411866234e+00, 1.82040641821248667e-03,-7.98608502608559121e+01
 2.55485749845996757e-01, 8.17500000000000000e+01,-9.94742799721590326e-02,-3.33438998845237057e-08,-3.01639906148513048e-01,-1.65756192831268434e+00, 7.79254386214176642e-01, 2.79261660960755361e-03, 1.35777033020935949e-02,-8.21096339054296132e-01,-2.10767863801390939e-02, 7.57086299438268884e-01,-4.70426642926009830e-02, 1.32974463121120179e+00, 1.82409898851154770e-03,-7.98576694354717347e+01
 2.55431175915012521e-01, 8.18000000000029104e+01,-9.94740549448457634e-02,-3.33277590932064120e-08,-3.01853349222017675e-01,-1.65739980968683587e+00, 7.80498978991260195e-01, 2.78814083248159900e-03, 1.35928927277382504e-02,-8.21904816697438423e-01,-2.10763019831316720e-02, 7.57125730581484802e-01,-4.70224017769035330e-02, 1.32929416513194076e+00, 1.82779239706019414e-03,-7.98544890681935300e+01
 2.55376672109725922e-01, 8.18500000000058208e+01,-9.94738286408896472e-02,-3.33116398218701873e-08,-3.02066717831438070e-01,-1.65723770362037293e+00, 7.81742976312546300e-01, 2.78366366911928127e-03, 1.36080525585325161e-02,-8.22713363534169573e-01,-2.10758176553418955e-02, 7.57165155402321322e-01,-4.70021607738880243e-02, 1.32884429442143071e+00, 1.83148664601943934e-03,-7.98513091553721353e+01
 2.55322238257422895e-01, 8.19000000000087311e+01,-9.94736010618458705e-02,-3.32955420791109801e-08,-3.02280012132748632e-01,-1.65707560989934333e+00, 7.82986379803697896e-01, 2.77918519196469890e-03, 1.36231828479315403e-02,-8.23521979379408742e-01,-2.10753333962138134e-02, 7.57204573946062998e-01,-4.69819412267906619e-02, 1.32839501762016021e+00, 1.83518173756536834e-03,-7.98481296933574356e+01
 2.55267874185389487e-01, 8.19500000000116415e+01,-9.94733722092739775e-02,-3.32794658735258572e-08,-3.02493232282240176e-01,-1.65691352830977801e+00, 7.84229191088457900e-01, 2.77470547258928469e-03, 1.36382836493135779e-02,-8.24330664047977502e-01,-2.10748492051914850e-02, 7.57243986257991164e-01,-4.69617430788601756e-02, 1.32794633326869094e+00, 1.83887767388804827e-03,-7.98449506784993019e+01
 2.55213579720927453e-01, 8.20000000000000000e+01,-9.94731420847379255e-02,-3.32634112137177021e-08,-3.02706378436457535e-01,-1.65675145863773920e+00, 7.85471411788260965e-01, 2.77022458169392475e-03, 1.36533550159751542e-02,-8.25139417354366245e-01,-2.10743650817191118e-02, 7.57283392383372611e-01,-4.69415662733635303e-02, 1.32749823990778482e+00, 1.84257445719037652e-03,-7.98417721071485857e+01
 2.55159354691291140e-01, 8.20500000000029104e+01,-9.94729106898059462e-02,-3.32473781082765273e-08,-3.02919450752447417e-01,-1.65658940066912752e+00, 7.86713043523717070e-01, 2.76574258910479952e-03, 1.36683970011493919e-02,-8.25948239113673544e-01,-2.10738810252404651e-02, 7.57322792367506326e-01,-4.69214107535625702e-02, 1.32705073607788515e+00, 1.84627208969247170e-03,-7.98385939756533247e+01
 2.55105198923782361e-01, 8.21000000000058208e+01,-9.94726780260507260e-02,-3.32313665658074795e-08,-3.03132449387385539e-01,-1.65642735418996723e+00, 7.87954087912430157e-01, 2.76125956378206645e-03, 1.36834096579795117e-02,-8.26757129140195057e-01,-2.10733970351997466e-02, 7.57362186255653214e-01,-4.69012764627491571e-02, 1.32660382031990109e+00, 1.84997057362518060e-03,-7.98354162803643277e+01
 2.55051111073634207e-01, 8.21500000000087311e+01,-9.94724441276436527e-02,-3.32153750276207720e-08,-3.03345375445991439e-01,-1.65626531925224008e+00, 7.89194544835889689e-01, 2.75677565424045905e-03, 1.36983930056939294e-02,-8.27566109385807325e-01,-2.10729131117178073e-02, 7.57401574037997460e-01,-4.68811630261562820e-02, 1.32615748150295532e+00, 1.85366990594483007e-03,-7.98322390220750435e+01
 2.54997091519898134e-01, 8.22000000000116415e+01,-9.94722089808382920e-02,-3.31994042402500972e-08,-3.03558228641095440e-01,-1.65610329551669855e+00, 7.90434416726010114e-01, 2.75229089027692912e-03, 1.37133471132651306e-02,-8.28375169241625242e-01,-2.10724292539201837e-02, 7.57440955785732895e-01,-4.68610705368664865e-02, 1.32571172272202298e+00, 1.85737009139370565e-03,-7.98290621950441164e+01
 2.54943140300889659e-01, 8.22500000000000000e+01,-9.94719725813598410e-02,-3.31834544945369429e-08,-3.03771008960745437e-01,-1.65594128272139951e+00, 7.91673705507822123e-01, 2.74780532397742548e-03, 1.37282720397258404e-02,-8.29184304535246053e-01,-2.10719454611291469e-02, 7.57480331554036601e-01,-4.68409989954890055e-02, 1.32526654425995294e+00, 1.86107113319400070e-03,-7.98258857948218576e+01
 2.54889257212178588e-01, 8.23000000000029104e+01,-9.94717349316865951e-02,-3.31675257567563680e-08,-3.03983716589559472e-01,-1.65577928065935431e+00, 7.92912412746076489e-01, 2.74331902319520067e-03, 1.37431678370328655e-02,-8.29993515679001148e-01,-2.10714617328067871e-02, 7.57519701386703881e-01,-4.68209483367651585e-02, 1.32482194439650902e+00, 1.86477303348941818e-03,-7.98227098178764720e+01
 2.54835442049381855e-01, 8.23500000000058208e+01,-9.94714960343021232e-02,-3.31516179932031449e-08,-3.04196351712320234e-01,-1.65561728912369577e+00, 7.94150540002603211e-01, 2.73883205494042034e-03, 1.37580345570560286e-02,-8.30802803084348063e-01,-2.10709780684155967e-02, 7.57559065327492620e-01,-4.68009184954676569e-02, 1.32437792141196109e+00, 1.86847579443410604e-03,-7.98195342606788927e+01
 2.54781694608100628e-01, 8.24000000000087311e+01,-9.94712558916948791e-02,-3.31357311701731973e-08,-3.04408914514222417e-01,-1.65545530790749207e+00, 7.95388088837725937e-01, 2.73434448537569026e-03, 1.37728722515950627e-02,-8.31612167162811278e-01,-2.10704944674179190e-02, 7.57598423420169920e-01,-4.67809094063772052e-02, 1.32393447358656635e+00, 1.87217941819688345e-03,-7.98163591196991575e+01
 2.54728014683936188e-01, 8.24500000000116415e+01,-9.94710145063583268e-02,-3.31198652539681995e-08,-3.04621405180810378e-01,-1.65529333680379609e+00, 7.96625060809913466e-01, 2.72985637981825943e-03, 1.37876809723755569e-02,-8.32421608325748408e-01,-2.10700109292761180e-02, 7.57637775708499661e-01,-4.67609210042884346e-02, 1.32349159920070170e+00, 1.87588390696019104e-03,-7.98131843914073045e+01
 2.54674402072505301e-01, 8.25000000000000000e+01,-9.94707718807910368e-02,-3.31040202109002152e-08,-3.04833823897915357e-01,-1.65513137560568802e+00, 7.97861457475432245e-01, 2.72536780274222320e-03, 1.38024607710449457e-02,-8.33231126984113057e-01,-2.10695274534526931e-02, 7.57677122236231182e-01,-4.67409532240154746e-02, 1.32304929653499070e+00, 1.87958926291903667e-03,-7.98100100722742667e+01
 2.54620856569377996e-01, 8.25500000000029104e+01,-9.94705280174963263e-02,-3.30881960072732415e-08,-3.05046170851903109e-01,-1.65496942410609216e+00, 7.99097280389758025e-01, 2.72087881777403852e-03, 1.38172116991892736e-02,-8.34040723549398400e-01,-2.10690440394097137e-02, 7.57716463047146016e-01,-4.67210060003690406e-02, 1.32260756386979250e+00, 1.88329548828522941e-03,-7.98068361587682489e+01
 2.54567377970171094e-01, 8.26000000000058208e+01,-9.94702829189827026e-02,-3.30723926094108564e-08,-3.05258446229301816e-01,-1.65480748209805428e+00, 8.00332531105446443e-01, 2.71638948770131341e-03, 1.38319338083079408e-02,-8.34850398432222418e-01,-2.10685606866096720e-02, 7.57755798184987395e-01,-4.67010792681909204e-02, 1.32216639948597248e+00, 1.88700258528097997e-03,-7.98036626473601984e+01
 2.54513966070485820e-01, 8.26500000000087311e+01,-9.94700365877636133e-02,-3.30566099836377695e-08,-3.05470650217049333e-01,-1.65464554937455732e+00, 8.01567211173560112e-01, 2.71189987446837861e-03, 1.38466271498308372e-02,-8.35660152043270599e-01,-2.10680773945149356e-02, 7.57795127693508541e-01,-4.66811729623309371e-02, 1.32172580166439002e+00, 1.89071055614317631e-03,-7.98004895345201390e+01
 2.54460621362614769e-01, 8.27000000000116415e+01,-9.94697890068182433e-02,-3.30408478467562442e-08,-3.05682783362662636e-01,-1.65448362555285877e+00, 8.02801323263434896e-01, 2.70741008969967948e-03, 1.38612917959800609e-02,-8.36469992850436994e-01,-2.10675941621491780e-02, 7.57834451652155794e-01,-4.66612872062420886e-02, 1.32128577443275486e+00, 1.89441940552252512e-03,-7.97973168138379378e+01
 2.54407343466359681e-01, 8.27500000000000000e+01,-9.94695401835907905e-02,-3.30251062281047157e-08,-3.05894845763103884e-01,-1.65432171047032117e+00, 8.04034868638101918e-01, 2.70292018108700708e-03, 1.38759277927259193e-02,-8.37279919229445335e-01,-2.10671109890856953e-02, 7.57873770095646382e-01,-4.66414218871939110e-02, 1.32084631462148727e+00, 1.89812913507510033e-03,-7.97941444825120527e+01
 2.54354131938789030e-01, 8.28000000000029104e+01,-9.94692901272922481e-02,-3.30093851794440109e-08,-3.06106837483390348e-01,-1.65415980397990281e+00, 8.05267848459935820e-01, 2.69843019085623699e-03, 1.38905351841226606e-02,-8.38089928832428943e-01,-2.10666278749366692e-02, 7.57913083055531067e-01,-4.66215768754916424e-02, 1.32040741854392385e+00, 1.90183974625936746e-03,-7.97909725379961543e+01
 2.54300986597564782e-01, 8.28500000000058208e+01,-9.94690388398327685e-02,-3.29936846592403391e-08,-3.06318758723347018e-01,-1.65399790586899820e+00, 8.06500264307196901e-01, 2.69394017927675330e-03, 1.39051140219431067e-02,-8.38900022323757710e-01,-2.10661448191507145e-02, 7.57952390576668411e-01,-4.66017521120025077e-02, 1.31996908466311114e+00, 1.90555124144124754e-03,-7.97878009766700416e+01
 2.54247907260333417e-01, 8.29000000000087311e+01,-9.94687863231268898e-02,-3.29780046259619410e-08,-3.06530609683221600e-01,-1.65383601592494056e+00, 8.07732117756592261e-01, 2.68945020578698502e-03, 1.39196643578887950e-02,-8.39710200367834725e-01,-2.10656618211763000e-02, 7.57991692703924969e-01,-4.65819475376007611e-02, 1.31953131144206526e+00, 1.90926362300125369e-03,-7.97846297949126324e+01
 2.54194893744741413e-01, 8.29500000000116415e+01,-9.94685325790935632e-02,-3.29623450380837015e-08,-3.06742390563622347e-01,-1.65367413393504603e+00, 8.08963410382934622e-01, 2.68496032899660656e-03, 1.39341862435860813e-02,-8.40520463628860237e-01,-2.10651788804619017e-02, 7.58030989482164186e-01,-4.65621630931732991e-02, 1.31909409734390404e+00, 1.91297689333345174e-03,-7.97814589891028447e+01
 2.54141945868450625e-01, 8.30000000000000000e+01,-9.94682776096563193e-02,-3.29467058540916756e-08,-3.06954101565455384e-01,-1.65351225968665760e+00, 8.10194143758800500e-01, 2.68047060668872130e-03, 1.39486797305823241e-02,-8.41330812770595515e-01,-2.10646959964561481e-02, 7.58070280956234965e-01,-4.65423987196253511e-02, 1.31865744083197112e+00, 1.91669105484441448e-03,-7.97782885556204775e+01
 2.54089063449076780e-01, 8.30500000000029104e+01,-9.94680214167429216e-02,-3.29310870324648903e-08,-3.07165742890171456e-01,-1.65335039296696285e+00, 8.11424319455927412e-01, 2.67598109581532011e-03, 1.39631448703621264e-02,-8.42141248457307423e-01,-2.10642131686072237e-02, 7.58109567171017962e-01,-4.65226543578576499e-02, 1.31822134036933258e+00, 1.92040610995744781e-03,-7.97751184908426154e+01
 2.54036246304281732e-01, 8.31000000000058208e+01,-9.94677640022857690e-02,-3.29154885317026027e-08,-3.07377314739395113e-01,-1.65318853356326878e+00, 8.12653939043100348e-01, 2.67149185250606814e-03, 1.39775817143227756e-02,-8.42951771352351331e-01,-2.10637303963637501e-02, 7.58148848171356526e-01,-4.65029299488007863e-02, 1.31778579441953569e+00, 1.92412206110619075e-03,-7.97719487911490717e+01
 2.53983494251711961e-01, 8.31500000000087311e+01,-9.94675053682216592e-02,-3.28999103103061539e-08,-3.07588817315170682e-01,-1.65302668126282226e+00, 8.13883004087561091e-01, 2.66700293206379325e-03, 1.39919903137907167e-02,-8.43762382119115806e-01,-2.10632476791742067e-02, 7.58188124002101893e-01,-4.64832254333921724e-02, 1.31735080144610572e+00, 1.92783891073886960e-03,-7.97687794529187642e+01
 2.53930807109013945e-01, 8.32000000000116415e+01,-9.94672455164918035e-02,-3.28843523267834432e-08,-3.07800250819900645e-01,-1.65286483585284882e+00, 8.15111516154670701e-01, 2.66251438896667435e-03, 1.40063707200178220e-02,-8.44573081420787242e-01,-2.10627650164870624e-02, 7.58227394708103075e-01,-4.64635407525817931e-02, 1.31691635991266964e+00, 1.93155666131726795e-03,-7.97656104725305823e+01
 2.53878185166960313e-01, 8.32500000000000000e+01,-9.94669844351731419e-02,-3.28688148134594414e-08,-3.08011615396139193e-01,-1.65270299693300493e+00, 8.16339477996630203e-01, 2.65802635240756360e-03, 1.40207230061014914e-02,-8.45383867845414416e-01,-2.10622824072835280e-02, 7.58266660372223456e-01,-4.64438759735601100e-02, 1.31648247218399117e+00, 1.93527531789452296e-03,-7.97624418432955054e+01
 2.53825628264679026e-01, 8.33000000000029104e+01,-9.94667221255776807e-02,-3.28532977412700727e-08,-3.08222911244274866e-01,-1.65254116428189146e+00, 8.17566891228251658e-01, 2.65353887896440646e-03, 1.40350472240989097e-02,-8.46194741961888708e-01,-2.10617998509906694e-02, 7.58305921041044551e-01,-4.64242310430150601e-02, 1.31604913690058467e+00, 1.93899488307750119e-03,-7.97592735614518915e+01
 2.53773135953220708e-01, 8.33500000000058208e+01,-9.94664585974699283e-02,-3.28378009144383023e-08,-3.08434138601606622e-01,-1.65237933779241009e+00, 8.18793756738217526e-01, 2.64905197828919480e-03, 1.40493434126509487e-02,-8.47005705601887593e-01,-2.10613173473204046e-02, 7.58345176737971527e-01,-4.64046058307984940e-02, 1.31561635032795832e+00, 1.94271535791459447e-03,-7.97561056251083187e+01
 2.53720708068184475e-01, 8.34000000000087311e+01,-9.94661938522786171e-02,-3.28223243018767704e-08,-3.08645297669645879e-01,-1.65221751724459365e+00, 8.20020076128820885e-01, 2.64456570459763651e-03, 1.40636116235191566e-02,-8.47816759349115490e-01,-2.10608348957034772e-02, 7.58384427509282588e-01,-4.63850002826919280e-02, 1.31518411107795963e+00, 1.94643674501927518e-03,-7.97529380305272468e+01
 2.53668344445169669e-01, 8.34500000000116415e+01,-9.94659278914364064e-02,-3.28068678725035501e-08,-3.08856388650256386e-01,-1.65205570241846100e+00, 8.21245851000396376e-01, 2.64008011130053514e-03, 1.40778519083881708e-02,-8.48627903787079751e-01,-2.10603524955706341e-02, 7.58423673401253384e-01,-4.63654143444888131e-02, 1.31475241776252227e+00, 1.95015904701846651e-03,-7.97497707739711643e+01
 2.53616044919790673e-01, 8.35000000000000000e+01,-9.94656607163801054e-02,-3.27914315952466340e-08,-3.09067411745591547e-01,-1.65189389309405654e+00, 8.22471082950984811e-01, 2.63559525100595790e-03, 1.40920643188620770e-02,-8.49439139498853968e-01,-2.10598701463527577e-02, 7.58462914460144355e-01,-4.63458479619997393e-02, 1.31432126899379020e+00, 1.95388226655151490e-03,-7.97466038517034548e+01
 2.53563809327616241e-01, 8.35500000000029104e+01,-9.94653923285502700e-02,-3.27760154390259744e-08,-3.09278367158340284e-01,-1.65173208905126523e+00, 8.23695773577752255e-01, 2.63111117551478001e-03, 1.41062489064808574e-02,-8.50250467068023208e-01,-2.10593878474803070e-02, 7.58502150732248359e-01,-4.63263010810299816e-02, 1.31389066338361826e+00, 1.95760640627449774e-03,-7.97434372599847308e+01
 2.53511637504260812e-01, 8.36000000000058208e+01,-9.94651227293917028e-02,-3.27606193727804432e-08,-3.09489255091357773e-01,-1.65157029007009859e+00, 8.24919924474836530e-01, 2.62662793582924600e-03, 1.41204057226953644e-02,-8.51061887077266488e-01,-2.10589055983841610e-02, 7.58541382263819286e-01,-4.63067736474136599e-02, 1.31346059954432492e+00, 1.96133146885367525e-03,-7.97402709950784043e+01
 2.53459529285323559e-01, 8.36500000000087311e+01,-9.94648519203531756e-02,-3.27452433654498119e-08,-3.09700075747910475e-01,-1.65140849593049999e+00, 8.26143537234797831e-01, 2.62214558214861988e-03, 1.41345348188844297e-02,-8.51873400109302126e-01,-2.10584233984950700e-02, 7.58580609101120795e-01,-4.62872656069908614e-02, 1.31303107608819114e+00, 1.96505745696988737e-03,-7.97371050532469354e+01
 2.53407484506403768e-01, 8.37000000000116415e+01,-9.94645799028873595e-02,-3.27298873859792851e-08,-3.09910829331614401e-01,-1.65124670641239701e+00, 8.27366613448246802e-01, 2.61766416387120482e-03, 1.41486362463504808e-02,-8.52685006746650265e-01,-2.10579412472437742e-02, 7.58619831290412328e-01,-4.62677769056132615e-02, 1.31260209162758867e+00, 1.96878437331742028e-03,-7.97339394307527982e+01
 2.53355503003115767e-01, 8.37500000000000000e+01,-9.94643066784510893e-02,-3.27145514033239142e-08,-3.10121516046373280e-01,-1.65108492129574436e+00, 8.28589154703499586e-01, 2.61318372959645773e-03, 1.41627100563157006e-02,-8.53496707571397728e-01,-2.10574591440611490e-02, 7.58659048877939668e-01,-4.62483074891499452e-02, 1.31217364477510157e+00, 1.97251222060294308e-03,-7.97307741238593763e+01
 2.53303584779512203e-01, 8.38000000000029104e+01,-9.94640322434827140e-02,-3.26992355069876193e-08,-3.10332136043876550e-01,-1.65092314028354648e+00, 8.29811163064969937e-01, 2.60870440604664411e-03, 1.41767563083000318e-02,-8.54308502006615789e-01,-2.10569770881894706e-02, 7.58698261925286999e-01,-4.62288573481649812e-02, 1.31174573553164509e+00, 1.97624100231716827e-03,-7.97276091275917196e+01
 2.53251729751405419e-01, 8.38500000000058208e+01,-9.94637565970538512e-02,-3.26839397233034173e-08,-3.10542689503499225e-01,-1.65076136311922084e+00, 8.31032640343162265e-01, 2.60422627820259146e-03, 1.41907750573250970e-02,-8.55120390082017012e-01,-2.10564950789702103e-02, 7.58737470485967069e-01,-4.62094264498230239e-02, 1.31131836317078254e+00, 1.97997072155586123e-03,-7.97244444376261328e+01
 2.53199937605600889e-01, 8.39000000000087311e+01,-9.94634797450656277e-02,-3.26686639147664676e-08,-3.10753176676830889e-01,-1.65059958965039599e+00, 8.32253587699565589e-01, 2.59974932288767422e-03, 1.42047663469902115e-02,-8.55932373403521130e-01,-2.10560131160001732e-02, 7.58776674592716915e-01,-4.61900147005395931e-02, 1.31089152507877515e+00, 1.98370138038889881e-03,-7.97212800513154605e+01
 2.53148208185630108e-01, 8.39500000000116415e+01,-9.94632016887525006e-02,-3.26534080560185362e-08,-3.10963597766709843e-01,-1.65043781965329384e+00, 8.33474006737212725e-01, 2.59527358945293172e-03, 1.42187302285979554e-02,-8.56744452498115594e-01,-2.10555311987012557e-02, 7.58815874292500747e-01,-4.61706220483253729e-02, 1.31046521993372567e+00, 1.98743298161284951e-03,-7.97181159648640403e+01
 2.53096541335039671e-01, 8.40000000000000000e+01,-9.94629224293528402e-02,-3.26381721217105077e-08,-3.11173952976256718e-01,-1.65027605290416379e+00, 8.34693899056820676e-01, 2.59079912647697122e-03, 1.42326667533699183e-02,-8.57556627892359979e-01,-2.10550493264954827e-02, 7.58855069632268231e-01,-4.61512484412080551e-02, 1.31003944641394310e+00, 1.99116552803655159e-03,-7.97149521744771050e+01
 2.53044936897331152e-01, 8.40500000000029104e+01,-9.94626419681085283e-02,-3.26229560864847634e-08,-3.11384242509118392e-01,-1.65011428917909542e+00, 8.35913266258205279e-01, 2.58632598176148937e-03, 1.42465759724629340e-02,-8.58368900113328892e-01,-2.10545674988044489e-02, 7.58894260659000675e-01,-4.61318938272095649e-02, 1.30961420319745003e+00, 1.99489902248543762e-03,-7.97117886763571164e+01
 2.52993394716051034e-01, 8.41000000000058208e+01,-9.94623603062654849e-02,-3.26077599250017237e-08,-3.11594466569100281e-01,-1.64995252825430216e+00, 8.37132109938138802e-01, 2.58185420233979267e-03, 1.42604579369445313e-02,-8.59181269687195881e-01,-2.10540857150501824e-02, 7.58933447419640972e-01,-4.61125581543799373e-02, 1.30918948896272380e+00, 1.99863346779498036e-03,-7.97086254667093215e+01
 2.52941914634730980e-01, 8.41500000000087311e+01,-9.94620774450733630e-02,-3.25925836119221135e-08,-3.11804625360411203e-01,-1.64979076990593443e+00, 8.38350431691781250e-01, 2.57738383447236440e-03, 1.42743126978094742e-02,-8.59993737140177128e-01,-2.10536039746545764e-02, 7.58972629961140788e-01,-4.60932413707749039e-02, 1.30876530238820421e+00, 2.00236886681506160e-03,-7.97054625417380436e+01
 2.52890496496902484e-01, 8.42000000000116415e+01,-9.94617933857855629e-02,-3.25774271219113891e-08,-3.12014719087600978e-01,-1.64962901391012262e+00, 8.39568233112325424e-01, 2.57291492364890252e-03, 1.42881403059757512e-02,-8.60806302998296635e-01,-2.10531222770395168e-02, 7.59011808330448678e-01,-4.60739434244611876e-02, 1.30834164215241699e+00, 2.00610522240887322e-03,-7.97022998976476060e+01
 2.52839140146112085e-01, 8.42500000000000000e+01,-9.94615081296593151e-02,-3.25622904296441255e-08,-3.12224747955499204e-01,-1.64946726004302469e+00, 8.40785515790651417e-01, 2.56844751459038914e-03, 1.43019408122808198e-02,-8.61618967787148193e-01,-2.10526406216270147e-02, 7.59050982574498545e-01,-4.60546642635224629e-02, 1.30791850693409617e+00, 2.00984253745185642e-03,-7.96991375306432275e+01
 2.52787845425861413e-01, 8.43000000000029104e+01,-9.94612216779554026e-02,-3.25471735097864078e-08,-3.12434712169459339e-01,-1.64930550808064225e+00, 8.42002281316723611e-01, 2.56398165124454387e-03, 1.43157142674973283e-02,-8.62431732032842513e-01,-2.10521590078386889e-02, 7.59090152740255153e-01,-4.60354038360366313e-02, 1.30749589541169575e+00, 2.01358081483598607e-03,-7.96959754369273981e+01
 2.52736612457390486e-01, 8.43500000000058208e+01,-9.94609340244470980e-02,-3.25320763878233928e-08,-3.12644611859408728e-01,-1.64914375776403799e+00, 8.43218531460257048e-01, 2.55951760990912394e-03, 1.43294607237567789e-02,-8.63244597492483390e-01,-2.10516774350241812e-02, 7.59129318880532700e-01,-4.60161621662456277e-02, 1.30707380855188182e+00, 2.01732005647860735e-03,-7.96928136122301254e+01
 2.52685441361591767e-01, 8.44000000000087311e+01,-9.94606451629149874e-02,-3.25169990891761537e-08,-3.12854447155614446e-01,-1.64898200883430901e+00, 8.44434267988459664e-01, 2.55505566729243624e-03, 1.43431802330901328e-02,-8.64057565921216963e-01,-2.10511959025332443e-02, 7.59168481048132393e-01,-4.59969392782938052e-02, 1.30665224731820184e+00, 2.02106026430162082e-03,-7.96896520522821845e+01
 2.52634331565765702e-01, 8.44500000000116415e+01,-9.94603551058554081e-02,-3.25019415123828491e-08,-3.13064218377607562e-01,-1.64882026112000268e+00, 8.45649492210910014e-01, 2.55059551674343288e-03, 1.43568728438511969e-02,-8.64870635997799120e-01,-2.10507144098961256e-02, 7.59207639281174074e-01,-4.59777350061727347e-02, 1.30623120696027395e+00, 2.02480144270433902e-03,-7.96864907539992799e+01
 2.52583282915525564e-01, 8.45000000000000000e+01,-9.94600638544864135e-02,-3.24869036325175757e-08,-3.13273925731319292e-01,-1.64865851439692701e+00, 8.46864205709924600e-01, 2.54613720143873675e-03, 1.43705386064976823e-02,-8.65683808255962028e-01,-2.10502329565343017e-02, 7.59246793626619620e-01,-4.59585492985832150e-02, 1.30581068617417073e+00, 2.02854359461761410e-03,-7.96833297135831060e+01
 2.52532295256439998e-01, 8.45500000000029104e+01,-9.94597714100295127e-02,-3.24718854246459533e-08,-3.13483569423200825e-01,-1.64849676844073301e+00, 8.48078410066913424e-01, 2.54168076379623648e-03, 1.43841775714228376e-02,-8.66497083229952447e-01,-2.10497515418688434e-02, 7.59285944131461776e-01,-4.59393821042202027e-02, 1.30539068365568589e+00, 2.03228672298876945e-03,-7.96801689272326001e+01
 2.52481368434122277e-01, 8.46000000000058208e+01,-9.94594777737102115e-02,-3.24568868638513497e-08,-3.13693149659857173e-01,-1.64833502302719359e+00, 8.49292106860252471e-01, 2.53722624548355152e-03, 1.43977897889314976e-02,-8.67310461453113635e-01,-2.10492701653212377e-02, 7.59325090842655426e-01,-4.59202333718064584e-02, 1.30497119810106765e+00, 2.03603083077504498e-03,-7.96770083911494851e+01
 2.52430502294170744e-01, 8.46500000000087311e+01,-9.94591829467575406e-02,-3.24419079252174305e-08,-3.13902666648290585e-01,-1.64817327793201907e+00, 8.50505297666713456e-01, 2.53277368741359771e-03, 1.44113753092563850e-02,-8.68123943458829928e-01,-2.10487888263128364e-02, 7.59364233807163447e-01,-4.59011030500701689e-02, 1.30455222820653205e+00, 2.03977592094798819e-03,-7.96738481015345457e+01
 2.52379696682183741e-01, 8.47000000000116415e+01,-9.94588869304043333e-02,-3.24269485838324207e-08,-3.14112120595838651e-01,-1.64801153293089753e+00, 8.51717984061116096e-01, 2.52832312974660091e-03, 1.44249341825543002e-02,-8.68937529780292151e-01,-2.10483075242649774e-02, 7.59403373071946497e-01,-4.58819910877504011e-02, 1.30413377266838393e+00, 2.04352199649237469e-03,-7.96706880545885383e+01
 2.52328951443774430e-01, 8.47500000000000000e+01,-9.94585897258870866e-02,-3.24120088147935583e-08,-3.14321511710113743e-01,-1.64784978779955060e+00, 8.52930167615946533e-01, 2.52387461189198430e-03, 1.44384664589017088e-02,-8.69751220950258253e-01,-2.10478262585991477e-02, 7.59442508683949802e-01,-4.58628974336028269e-02, 1.30371583018313997e+00, 2.04726906040503557e-03,-7.96675282465131858e+01
 2.52278266424511677e-01, 8.48000000000029104e+01,-9.94582913344457531e-02,-3.23970885931896307e-08,-3.14530840199245598e-01,-1.64768804231353894e+00, 8.54141849902791961e-01, 2.51942817250396358e-03, 1.44519721883110148e-02,-8.70565017502003213e-01,-2.10473450287364250e-02, 7.59481640690150339e-01,-4.58438220363774351e-02, 1.30329839944704418e+00, 2.05101711569927658e-03,-7.96643686735074397e+01
 2.52227641470008535e-01, 8.48500000000058208e+01,-9.94579917573242267e-02,-3.23821878941270611e-08,-3.14740106271515385e-01,-1.64752629624854552e+00, 8.55353032490231202e-01, 2.51498384949002014e-03, 1.44654514207071209e-02,-8.71378919967895849e-01,-2.10468638340982860e-02, 7.59520769137486673e-01,-4.58247648448516440e-02, 1.30288147915679486e+00, 2.05476616539835124e-03,-7.96612093317729801e+01
 2.52177076425863511e-01, 8.49000000000087311e+01,-9.94576909957700095e-02,-3.23673066927125303e-08,-3.14949310135599125e-01,-1.64736454938019095e+00, 8.56563716945220044e-01, 2.51054168000632147e-03, 1.44789042059427688e-02,-8.72192928880347829e-01,-2.10463826741060858e-02, 7.59559894072906028e-01,-4.58057258078084367e-02, 1.30246506800906348e+00, 2.05851621253974734e-03,-7.96580502175106062e+01
 2.52126571137674838e-01, 8.49500000000116415e+01,-9.94573890510341979e-02,-3.23524449640573120e-08,-3.15158452000506240e-01,-1.64720280148407561e+00, 8.57773904832765055e-01, 2.50610170045977238e-03, 1.44923305937951861e-02,-8.73007044771574980e-01,-2.10459015481811590e-02, 7.59599015543352851e-01,-4.57867048740416283e-02, 1.30204916470061161e+00, 2.06226726017415913e-03,-7.96548913269210885e+01
 2.52076125451055677e-01, 8.50000000000000000e+01,-9.94570859243716771e-02,-3.23376026832815802e-08,-3.15367532075518320e-01,-1.64704105233583076e+00, 8.58983597715548775e-01, 2.50166394650991114e-03, 1.45057306339618046e-02,-8.73821268173362253e-01,-2.10454204557450064e-02, 7.59638133595756382e-01,-4.57677019923615272e-02, 1.30163376792841667e+00, 2.06601931136433502e-03,-7.96517326562061498e+01
 2.52025739211574951e-01, 8.50500000000029104e+01,-9.94567816170407459e-02,-3.23227798254971048e-08,-3.15576550570431769e-01,-1.64687930171092711e+00, 8.60192797155365563e-01, 2.49722845306450756e-03, 1.45191043760764752e-02,-8.74635599618009740e-01,-2.10449393962186850e-02, 7.59677248277076722e-01,-4.57487171115726413e-02, 1.30121887638918698e+00, 2.06977236918951066e-03,-7.96485742015647133e+01
 2.51975412264845766e-01, 8.51000000000058208e+01,-9.94564761303035616e-02,-3.23079763658332051e-08,-3.15785507695192535e-01,-1.64671754938496084e+00, 8.61401504710979649e-01, 2.49279525428786931e-03, 1.45324518696855511e-02,-8.75450039636912258e-01,-2.10444583690236886e-02, 7.59716359634237115e-01,-4.57297501805070880e-02, 1.30080448878008803e+00, 2.07352643673877537e-03,-7.96454159591985018e+01
 2.51925144456466465e-01, 8.51500000000087311e+01,-9.94561694654258893e-02,-3.22931922794194586e-08,-3.15994403660138923e-01,-1.64655579513346151e+00, 8.62609721939562424e-01, 2.48836438359643745e-03, 1.45457731642641072e-02,-8.76264588761506258e-01,-2.10439773735813622e-02, 7.59755467714168686e-01,-4.57108011480022655e-02, 1.30039060379825888e+00, 2.07728151711550650e-03,-7.96422579253082858e+01
 2.51874935632035446e-01, 8.52000000000116415e+01,-9.94558616236770887e-02,-3.22784275413899492e-08,-3.16203238675940412e-01,-1.64639403873194179e+00, 8.63817450396321296e-01, 2.48393587366067294e-03, 1.45590683092117808e-02,-8.77079247523033123e-01,-2.10434964093130471e-02, 7.59794572563799009e-01,-4.56918699629064312e-02, 1.29997722014093586e+00, 2.08103761343623106e-03,-7.96391000960948503e+01
 2.51824785637165649e-01, 8.52500000000000000e+01,-9.94555526063302803e-02,-3.22636821268876347e-08,-3.16412012953536215e-01,-1.64623227995594235e+00, 8.65024691634159626e-01, 2.47950975640703333e-03, 1.45723373538491699e-02,-8.77894016452302028e-01,-2.10430154756402372e-02, 7.59833674230042222e-01,-4.56729565740841767e-02, 1.29956433650557002e+00, 2.08479472882955059e-03,-7.96359424677598895e+01
 2.51774694317426273e-01, 8.53000000000029104e+01,-9.94552424146619707e-02,-3.22489560110471483e-08,-3.16620726704378130e-01,-1.64607051858084708e+00, 8.66231447205067284e-01, 2.47508606301342178e-03, 1.45855803474330623e-02,-8.78708896080637958e-01,-2.10425345719839965e-02, 7.59872772759841442e-01,-4.56540609303945424e-02, 1.29915195158935015e+00, 2.08855286644047278e-03,-7.96327850365023693e+01
 2.51724661518430259e-01, 8.53500000000058208e+01,-9.94549310499524553e-02,-3.22342491690205005e-08,-3.16829380140065398e-01,-1.64590875438216089e+00, 8.67437718658040202e-01, 2.47066482391765114e-03, 1.45987973391338687e-02,-8.79523886938460064e-01,-2.10420536977658119e-02, 7.59911868200104257e-01,-4.56351829807237208e-02, 1.29874006408992204e+00, 2.09231202942392015e-03,-7.96296277985239698e+01
 2.51674687085776061e-01, 8.54000000000087311e+01,-9.94546185134856514e-02,-3.22195615759599601e-08,-3.17037973472587220e-01,-1.64574698713532652e+00, 8.68643507540456938e-01, 2.46624606881283527e-03, 1.46119883780505746e-02,-8.80338989556228912e-01,-2.10415728524070353e-02, 7.59950960597745029e-01,-4.56163226739634900e-02, 1.29832867270491037e+00, 2.09607222094901997e-03,-7.96264707500254900e+01
 2.51624770865061964e-01, 8.54500000000116415e+01,-9.94543048065490848e-02,-3.22048932070223285e-08,-3.17246506914261595e-01,-1.64558521661576673e+00, 8.69848815397751052e-01, 2.46182982664939565e-03, 1.46251535132074333e-02,-8.81154204464209556e-01,-2.10410920353290079e-02, 7.59990049999675898e-01,-4.55974799590161475e-02, 1.29791777613203752e+00, 2.09983344419807346e-03,-7.96233138872077006e+01
 2.51574912701900855e-01, 8.55000000000000000e+01,-9.94539899304339309e-02,-3.21902440373731623e-08,-3.17454980677674581e-01,-1.64542344259893514e+00, 8.71053643773038955e-01, 2.45741612563690585e-03, 1.46382927935497821e-02,-8.81969532192234396e-01,-2.10406112459532169e-02, 7.60029136452793797e-01,-4.55786547848005749e-02, 1.29750737306924413e+00, 2.10359570236539478e-03,-7.96201572062723244e+01
 2.51525112441862098e-01, 8.55500000000029104e+01,-9.94536738864347930e-02,-3.21756140421697461e-08,-3.17663394975921665e-01,-1.64526166486012482e+00, 8.72257994208551657e-01, 2.45300499323967839e-03, 1.46514062679599568e-02,-8.82784973270652751e-01,-2.10401304837007294e-02, 7.60068220004026629e-01,-4.55598471002297348e-02, 1.29709746221421374e+00, 2.10735899866176715e-03,-7.96170007034182845e+01
 2.51475369930558579e-01, 8.56000000000058208e+01,-9.94533566758500492e-02,-3.21610031965866626e-08,-3.17871750022244159e-01,-1.64509988317475364e+00, 8.73461868243503248e-01, 2.44859645618501027e-03, 1.46644939852339073e-02,-8.83600528228906001e-01,-2.10396497479930326e-02, 7.60107300700264998e-01,-4.55410568542439706e-02, 1.29668804226508727e+00, 2.11112333630779489e-03,-7.96138443748472895e+01
 2.51425685013588696e-01, 8.56500000000087311e+01,-9.94530382999816165e-02,-3.21464114757987261e-08,-3.18080046030271124e-01,-1.64493809731817642e+00, 8.74665267415503545e-01, 2.44419054045869055e-03, 1.46775559940967287e-02,-8.84416197596477827e-01,-2.10391690382514818e-02, 7.60146378588407390e-01,-4.55222839957889064e-02, 1.29627911191998768e+00, 2.11488871853830101e-03,-7.96106882167601384e+01
 2.51376059901240179e-01, 8.57000000000116415e+01,-9.94527186959975329e-02,-3.21318393911169252e-08,-3.18288282648289289e-01,-1.64477630676380526e+00, 8.75868194809519052e-01, 2.43978931129708353e-03, 1.46905923541791935e-02,-8.85231993662337180e-01,-2.10386883532782086e-02, 7.60185453765683916e-01,-4.55035291213374896e-02, 1.29587068933853899e+00, 2.11865513940653243e-03,-7.96075322212921748e+01
 2.51326494494177655e-01, 8.57500000000000000e+01,-9.94523978636768363e-02,-3.21172869301670415e-08,-3.18496460076827803e-01,-1.64461451127999281e+00, 8.77070651993321015e-01, 2.43539285002549290e-03, 1.47036031141693901e-02,-8.86047917227851700e-01,-2.10382076924803263e-02, 7.60224526280142365e-01,-4.54847921948491399e-02, 1.29546277367002260e+00, 2.12242260189346530e-03,-7.96043763845506192e+01
 2.51276986613618247e-01, 8.58000000000029104e+01,-9.94520758592220139e-02,-3.21027536091398566e-08,-3.18704579014645883e-01,-1.64445271090040523e+00, 8.78272639172390179e-01, 2.43099943821418639e-03, 1.47165883131150348e-02,-8.86863958754724124e-01,-2.10377270558089503e-02, 7.60263596135605346e-01,-4.54660726109280475e-02, 1.29505534695119673e+00, 2.12619111711793247e-03,-7.96012207062145905e+01
 2.51227536111737426e-01, 8.58500000000058208e+01,-9.94517526837652016e-02,-3.20882394047128080e-08,-3.18912639674954368e-01,-1.64429090539953471e+00, 8.79474157880224761e-01, 2.42660910612925917e-03, 1.47295479994470624e-02,-8.87680118803850782e-01,-2.10372464426838504e-02, 7.60302663379085808e-01,-4.54473703203503859e-02, 1.29464840793434255e+00, 2.12996068832971026e-03,-7.95980651824744854e+01
 2.51178142840696172e-01, 8.59000000000087311e+01,-9.94514283384419912e-02,-3.20737442935634457e-08,-3.19120642271347288e-01,-1.64412909455181078e+00, 8.80675209648697832e-01, 2.42222188333245580e-03, 1.47424822215251189e-02,-8.88496397936164306e-01,-2.10367658525246609e-02, 7.60341728057605359e-01,-4.54286852738973596e-02, 1.29424195537171816e+00, 2.13373131879249439e-03,-7.95949098095198337e+01
 2.51128806652655523e-01, 8.59500000000116415e+01,-9.94511028243913464e-02,-3.20592682523735680e-08,-3.19328587017740306e-01,-1.64396727813164012e+00, 8.81875796007753676e-01, 2.41783779868319764e-03, 1.47553910276346980e-02,-8.89312796712396603e-01,-2.10362852847509954e-02, 7.60380790218182501e-01,-4.54100174223605324e-02, 1.29383598801567756e+00, 2.13750301178292513e-03,-7.95917545835400944e+01
 2.51079527399790781e-01, 8.60000000000000000e+01,-9.94507761427557702e-02,-3.20448112578335099e-08,-3.19536474128310155e-01,-1.64380545591346583e+00, 8.83075918484998335e-01, 2.41345688034025688e-03, 1.47682744659823426e-02,-8.90129315692842815e-01,-2.10358047387826375e-02, 7.60419849907820744e-01,-4.53913667165472753e-02, 1.29343050461878706e+00, 2.14127577058931479e-03,-7.95885995007257350e+01
 2.51030304934234283e-01, 8.60500000000029104e+01,-9.94504482946809570e-02,-3.20303732866252351e-08,-3.19744303817735720e-01,-1.64364362767156713e+00, 8.84275578607163659e-01, 2.40907915575747002e-03, 1.47811325847119809e-02,-8.90945955438309234e-01,-2.10353242140389335e-02, 7.60458907173554577e-01,-4.53727331072590265e-02, 1.29302550393335780e+00, 2.14504959851622920e-03,-7.95854445572643812e+01
 2.50981139108161333e-01, 8.61000000000058208e+01,-9.94501192813162793e-02,-3.20159543154476151e-08,-3.19952076300835331e-01,-1.64348179318034870e+00, 8.85474777897956922e-01, 2.40470465169179571e-03, 1.47939654318814534e-02,-8.91762716508690212e-01,-2.10348437099396428e-02, 7.60497962062381072e-01,-4.53541165453238693e-02, 1.29262098471215126e+00, 2.14882449887774003e-03,-7.95822897493464723e+01
 2.50932029773732967e-01, 8.61500000000087311e+01,-9.94497891038144399e-02,-3.20015543209996006e-08,-3.20159791792807569e-01,-1.64331995221415039e+00, 8.86673517879494222e-01, 2.40033339419891759e-03, 1.48067730554782857e-02,-8.92579599463915963e-01,-2.10343632259044032e-02, 7.60537014621305851e-01,-4.53355169815749040e-02, 1.29221694570790868e+00, 2.15260047500190951e-03,-7.95791350731614955e+01
 2.50882976783110168e-01, 8.62000000000116415e+01,-9.94494577633315835e-02,-3.19871732799843975e-08,-3.20367450509170704e-01,-1.64315810454729649e+00, 8.87871800071922346e-01, 2.39596540863500681e-03, 1.48195555034154360e-02,-8.93396604863716970e-01,-2.10338827613528456e-02, 7.60576064897329540e-01,-4.53169343668554728e-02, 1.29181338567346948e+00, 2.15637753022961598e-03,-7.95759805248989807e+01
 2.50833979988468181e-01, 8.62500000000000000e+01,-9.94491252610273518e-02,-3.19728111691136290e-08,-3.20575052665701798e-01,-1.64299624995413618e+00, 8.89069625993111123e-01, 2.39160071965869789e-03, 1.48323128235284644e-02,-8.94213733267385291e-01,-2.10334023157047294e-02, 7.60615112937440441e-01,-4.52983686520246551e-02, 1.29141030336188978e+00, 2.16015566791355473e-03,-7.95728261007493103e+01
 2.50785039241939511e-01, 8.63000000000029104e+01,-9.94487915980644815e-02,-3.19584679650906465e-08,-3.20782598478677905e-01,-1.64283438820886341e+00, 8.90266997160003570e-01, 2.38723935122644526e-03, 1.48450450635895809e-02,-8.95030985234724796e-01,-2.10329218883794043e-02, 7.60654158788656165e-01,-4.52798197879356878e-02, 1.29100769752597255e+00, 2.16393489142252017e-03,-7.95696717969001668e+01
 2.50736154395699407e-01, 8.63500000000058208e+01,-9.94484567756094839e-02,-3.19441436446355964e-08,-3.20990088164513021e-01,-1.64267251908579626e+00, 8.91463915086548875e-01, 2.38288132660078710e-03, 1.48577522712859452e-02,-8.95848361324625975e-01,-2.10324414787966471e-02, 7.60693202497957133e-01,-4.52612877254683146e-02, 1.29060556691897310e+00, 2.16771520413486457e-03,-7.95665176095419753e+01
 2.50687325301908848e-01, 8.64000000000087311e+01,-9.94481207948321039e-02,-3.19298381844686650e-08,-3.21197521939999509e-01,-1.64251064235918576e+00, 8.92660381285101168e-01, 2.37852666834584541e-03, 1.48704344942346273e-02,-8.96665862096016619e-01,-2.10319610863760782e-02, 7.60732244112332201e-01,-4.52427724155071709e-02, 1.29020391029412829e+00, 2.17149660944290822e-03,-7.95633635348642230e+01
 2.50638551812728871e-01, 8.64500000000116415e+01,-9.94477836569054863e-02,-3.19155515613142736e-08,-3.21404900022247364e-01,-1.64234875780326695e+00, 8.93856397266058589e-01, 2.37417539832911802e-03, 1.48830917799787615e-02,-8.97483488107622795e-01,-2.10314807105373251e-02, 7.60771283678766674e-01,-4.52242738089471824e-02, 1.28980272640477822e+00, 2.17527911075179924e-03,-7.95602095690564113e+01
 2.50589833780334614e-01, 8.65000000000000000e+01,-9.94474453630063426e-02,-3.19012837519052212e-08,-3.21612222628622990e-01,-1.64218686519230506e+00, 8.95051964537517675e-01, 2.36982753772331002e-03, 1.48957241759839869e-02,-8.98301239917732142e-01,-2.10310003507001644e-02, 7.60810321244231091e-01,-4.52057918566989361e-02, 1.28940201400447840e+00, 2.17906271147841942e-03,-7.95570557083089653e+01
 2.50541171056858691e-01, 8.65500000000029104e+01,-9.94471059143143821e-02,-3.18870347329660879e-08,-3.21819489976990392e-01,-1.64202496430040590e+00, 8.96247084606664468e-01, 2.36548310700182736e-03, 1.49083317296532115e-02,-8.99119118085145774e-01,-2.10305200062839391e-02, 7.60849356855726633e-01,-4.51873265096672874e-02, 1.28900177184653786e+00, 2.18284741505578176e-03,-7.95539019488095676e+01
 2.50492563494476350e-01, 8.66000000000058208e+01,-9.94467653120130746e-02,-3.18728044812380969e-08,-3.22026702285348909e-01,-1.64186305490179763e+00, 8.97441758977712389e-01, 2.36114212594699035e-03, 1.49209144883050739e-02,-8.99937123167748321e-01,-2.10300396767084188e-02, 7.60888390560217953e-01,-4.51688777187831958e-02, 1.28860199868471770e+00, 2.18663322492648748e-03,-7.95507482867486004e+01
 2.50444010945348572e-01, 8.66500000000087311e+01,-9.94464235572890959e-02,-3.18585929734625440e-08,-3.22233859772073750e-01,-1.64170113677064666e+00, 8.98635989153247827e-01, 2.35680461364538548e-03, 1.49334724991879008e-02,-9.00755255723463266e-01,-2.10295593613932311e-02, 7.60927422404676479e-01,-4.51504454349828180e-02, 1.28820269327276504e+00, 2.19042014454700522e-03,-7.95475947183155938e+01
 2.50395513261636338e-01, 8.67000000000116415e+01,-9.94460806513326051e-02,-3.18444001863849006e-08,-3.22440962655855423e-01,-1.64153920968110012e+00, 8.99829776633924716e-01, 2.35247058848979699e-03, 1.49460058094768641e-02,-9.01573516310011258e-01,-2.10290790597580067e-02, 7.60966452436071306e-01,-4.51320296092124068e-02, 1.28780385436453026e+00, 2.19420817738667871e-03,-7.95444412397000349e+01
 2.50347070295514784e-01, 8.67500000000000000e+01,-9.94457365953371059e-02,-3.18302260967590026e-08,-3.22648011155639236e-01,-1.64137727340733530e+00, 9.01023122918093611e-01, 2.34814006818093775e-03, 1.49585144662699888e-02,-9.02391905484674184e-01,-2.10285987712225189e-02, 7.61005480701356096e-01,-4.51136301924337860e-02, 1.28740548071408378e+00, 2.19799732692655802e-03,-7.95412878470923488e+01
 2.50298681899116637e-01, 8.68000000000029104e+01,-9.94453913904992659e-02,-3.18160706813304471e-08,-3.22855005490865488e-01,-1.64121532772336987e+00, 9.02216029503205008e-01, 2.34381306972298404e-03, 1.49709985166030530e-02,-9.03210423805247742e-01,-2.10281184952061002e-02, 7.61044507247516377e-01,-4.50952471356029713e-02, 1.28700757107525132e+00, 2.20178759666384482e-03,-7.95381345366801895e+01
 2.50250347924617034e-01, 8.68500000000058208e+01,-9.94450450380193474e-02,-3.18019339168614213e-08,-3.23061945881107926e-01,-1.64105337240334759e+00, 9.03408497883713135e-01, 2.33948960943163248e-03, 1.49834580074275654e-02,-9.04029071828610364e-01,-2.10276382311285343e-02, 7.61083532121499151e-01,-4.50768803897023257e-02, 1.28661012420231202e+00, 2.20557899010524186e-03,-7.95349813046539822e+01
 2.50202068224177010e-01, 8.69000000000087311e+01,-9.94446975391009569e-02,-3.17878157801141652e-08,-3.23268832546314056e-01,-1.64089140722134608e+00, 9.04600529552469279e-01, 2.33516970292959886e-03, 1.49958929856254808e-02,-9.04847850111679231e-01,-2.10271579784094449e-02, 7.61122555370258858e-01,-4.50585299057189928e-02, 1.28621313884953525e+00, 2.20937151077136825e-03,-7.95318281472032425e+01
 2.50153842649957492e-01, 8.69500000000116415e+01,-9.94443488949509902e-02,-3.17737162478550613e-08,-3.23475665706744686e-01,-1.64072943195142695e+00, 9.05792126000387499e-01, 2.33085336514844092e-03, 1.50083034980059166e-02,-9.05666759211168126e-01,-2.10266777364684666e-02, 7.61161577040748827e-01,-4.50401956346503582e-02, 1.28581661377129430e+00, 2.21316516219569135e-03,-7.95286750605174575e+01
 2.50105671054133560e-01, 8.70000000000000000e+01,-9.94439991067797846e-02,-3.17596352968587708e-08,-3.23682445582913092e-01,-1.64056744636767782e+00, 9.06983288716087355e-01, 2.32654061033029692e-03, 1.50206895913013432e-02,-9.06485799683351634e-01,-2.10261975047253517e-02, 7.61200597179906291e-01,-4.50218775275093089e-02, 1.28542054772218517e+00, 2.21695994792338790e-03,-7.95255220407870382e+01
 2.50057553288838108e-01, 8.70500000000029104e+01,-9.94436481758007723e-02,-3.17455729038918150e-08,-3.23889172395825542e-01,-1.64040545024403195e+00, 9.08174019187277137e-01, 2.32223145202337935e-03, 1.50330513121821000e-02,-9.07304972085018591e-01,-2.10257172825994605e-02, 7.61239615834699124e-01,-4.50035755353029102e-02, 1.28502493945656338e+00, 2.22075587151575500e-03,-7.95223690841996529e+01
 2.50009489206246216e-01, 8.71000000000058208e+01,-9.94432961032310075e-02,-3.17315290457371798e-08,-3.24095846366619755e-01,-1.64024344335454586e+00, 9.09364318898672419e-01, 2.31792590309001269e-03, 1.50453887072347445e-02,-9.08124276972039901e-01,-2.10252370695105661e-02, 7.61278633052057674e-01,-4.49852896090644355e-02, 1.28462978772923964e+00, 2.22455293654356913e-03,-7.95192161869457408e+01
 2.49961478658518838e-01, 8.71500000000087311e+01,-9.94429428902907642e-02,-3.17175036991778640e-08,-3.24302467716804987e-01,-1.64008142547320990e+00, 9.10554189333403374e-01, 2.31362397570217433e-03, 1.50577018229769589e-02,-9.08943714900323774e-01,-2.10247568648782891e-02, 7.61317648878920950e-01,-4.49670196998320365e-02, 1.28423509129501445e+00, 2.22835114659156348e-03,-7.95160633452147891e+01
 2.49913521497817009e-01, 8.72000000000116415e+01,-9.94425885382036745e-02,-3.17034968410010159e-08,-3.24509036668201856e-01,-1.63991939637399731e+00, 9.11743631972654733e-01, 2.30932568134321935e-03, 1.50699907058537523e-02,-9.09763286425576467e-01,-2.10242766681222604e-02, 7.61356663362224184e-01,-4.49487657586538358e-02, 1.28384084890879846e+00, 2.23215050525727874e-03,-7.95129105551962851e+01
 2.49865617576315674e-01, 8.72500000000000000e+01,-9.94422330481967709e-02,-3.16895084480020023e-08,-3.24715553442881666e-01,-1.63975735583091264e+00, 9.12932648295306515e-01, 2.30503103080959785e-03, 1.50822554022337577e-02,-9.10582992103063704e-01,-2.10237964786622461e-02, 7.61395676548888067e-01,-4.49305277365936659e-02, 1.28344705932572367e+00, 2.23595101614992723e-03,-7.95097578130806681e+01
 2.49817766746147890e-01, 8.73000000000029104e+01,-9.94418764215001388e-02,-3.16755384969680840e-08,-3.24922018263405943e-01,-1.63959530361780059e+00, 9.14121239779345340e-01, 2.30074003420642405e-03, 1.50944959584240358e-02,-9.11402832488565240e-01,-2.10233162959175962e-02, 7.61434688485863709e-01,-4.49123055847093777e-02, 1.28305372130068784e+00, 2.23975268289487760e-03,-7.95066051150555921e+01
 2.49769968859488628e-01, 8.73500000000058208e+01,-9.94415186593474720e-02,-3.16615869647028731e-08,-3.25128431352466274e-01,-1.63943323950863062e+00, 9.15309407899768002e-01, 2.29645270095541658e-03, 1.51067124206483768e-02,-9.12222808136942787e-01,-2.10228361193080839e-02, 7.61473699220065359e-01,-4.48940992540849959e-02, 1.28266083358904237e+00, 2.24355550912696709e-03,-7.95034524573114822e+01
 2.49722223768498924e-01, 8.74000000000087311e+01,-9.94411597629757116e-02,-3.16476538280100151e-08,-3.25334792933123673e-01,-1.63927116327730693e+00, 9.16497154129975899e-01, 2.29216903979041244e-03, 1.51189048350618607e-02,-9.13042919603094805e-01,-2.10223559482533261e-02, 7.61512708798414484e-01,-4.48759086958092912e-02, 1.28226839494613376e+00, 2.24735949849495147e-03,-7.95002998360378399e+01
 2.49674531325339705e-01, 8.74500000000116415e+01,-9.94407997336250182e-02,-3.16337390636972648e-08,-3.25541103228748241e-01,-1.63910907469771749e+00, 9.17684479941431874e-01, 2.28788905875911518e-03, 1.51310732477473887e-02,-9.13863167441717472e-01,-2.10218757821729677e-02, 7.61551717267830219e-01,-4.48577338609811721e-02, 1.28187640412741821e+00, 2.25116465466040265e-03,-7.94971472474241523e+01
 2.49626891382185911e-01, 8.75000000000000000e+01,-9.94404385725390916e-02,-3.16198426485805166e-08,-3.25747362462958823e-01,-1.63894697354377916e+00, 9.18871386803297496e-01, 2.28361276522476807e-03, 1.51432177047119126e-02,-9.14683552207066208e-01,-2.10213956204867644e-02, 7.61590724675215935e-01,-4.48395747007149723e-02, 1.28148485988857774e+00, 2.25497098129654990e-03,-7.94939946876608587e+01
 2.49579303791170742e-01, 8.75500000000029104e+01,-9.94400762809645039e-02,-3.16059645594676443e-08,-3.25953570859862762e-01,-1.63878485958925091e+00, 9.20057876183839607e-01, 2.27934016586173009e-03, 1.51553382519011015e-02,-9.15504074453910244e-01,-2.10209154626140697e-02, 7.61629731067506088e-01,-4.48214311661192175e-02, 1.28109376098506189e+00, 2.25877848209277924e-03,-7.94908421529356133e+01
 2.49531768404469084e-01, 8.76000000000058208e+01,-9.94397128601515468e-02,-3.15921047731827280e-08,-3.26159728643694913e-01,-1.63862273260801450e+00, 9.21243949548344321e-01, 2.27507126666337458e-03, 1.51674349351779581e-02,-9.16324734736099988e-01,-2.10204353079746498e-02, 7.61668736491597831e-01,-4.48033032083283503e-02, 1.28070310617277561e+00, 2.26258716074794744e-03,-7.94876896394388268e+01
 2.49484285074241974e-01, 8.76500000000087311e+01,-9.94393483113536203e-02,-3.15782632665499140e-08,-3.26365836039058221e-01,-1.63846059237388952e+00, 9.22429608360492481e-01, 2.27080607293756809e-03, 1.51795078003369339e-02,-9.17145533607522934e-01,-2.10199551559881355e-02, 7.61707740994396199e-01,-4.47851907784817607e-02, 1.28031289420762118e+00, 2.26639702097479251e-03,-7.94845371433600150e+01
 2.49436853652650364e-01, 8.77000000000116415e+01,-9.94389826358274415e-02,-3.15644400163973918e-08,-3.26571893270862390e-01,-1.63829843866067759e+00, 9.23614854082028147e-01, 2.26654458930841771e-03, 1.51915568931006925e-02,-9.17966471621863400e-01,-2.10194750060741543e-02, 7.61746744622802341e-01,-4.47670938277287336e-02, 1.27992312384561258e+00, 2.27020806649886253e-03,-7.94813846608886792e+01
 2.49389473991869060e-01, 8.77500000000000000e+01,-9.94386158348331134e-02,-3.15506349995614506e-08,-3.26777900564263923e-01,-1.63813627124220829e+00, 9.24799688172417311e-01, 2.26228681971798063e-03, 1.52035822591167821e-02,-9.18787549332364395e-01,-2.10189948576524760e-02, 7.61785747423704418e-01,-4.47490123072339652e-02, 1.27953379384299160e+00, 2.27402030105741280e-03,-7.94782321882152161e+01
 2.49342147198956976e-01, 8.78000000000029104e+01,-9.94382478729300828e-02,-3.15368484767265516e-08,-3.26983858130492577e-01,-1.63797408944884637e+00, 9.25984114653565116e-01, 2.25803387406635879e-03, 1.52155839812997545e-02,-9.19608776006300310e-01,-2.10185147091031185e-02, 7.61824749528441814e-01,-4.47309465037371637e-02, 1.27914491326719815e+00, 2.27783372831600163e-03,-7.94750797147034831e+01
 2.49294880047255335e-01, 8.78500000000058208e+01,-9.94378785489036937e-02,-3.15230819901998984e-08,-3.27189766115574598e-01,-1.63781189060945187e+00, 9.27168149110751072e-01, 2.25379187148377295e-03, 1.52275623106441545e-02,-9.20430200250286545e-01,-2.10180345541138534e-02, 7.61863751449483817e-01,-4.47128982190945004e-02, 1.27875653774090181e+00, 2.28164835147014362e-03,-7.94719271989097393e+01
 2.49247664868340241e-01, 8.79000000000087311e+01,-9.94375080839355885e-02,-3.15093338156625772e-08,-3.27395624831858523e-01,-1.63764967715438181e+00, 9.28351777629648267e-01, 2.24955419362462368e-03, 1.52395170685456615e-02,-9.21251770396071090e-01,-2.10175543983327495e-02, 7.61902752727779964e-01,-4.46948653932972631e-02, 1.27836860422269383e+00, 2.28546417474991513e-03,-7.94687746779170965e+01
 2.49200501529432433e-01, 8.79500000000116415e+01,-9.94371364788484979e-02,-3.14956039333579283e-08,-3.27601434505558120e-01,-1.63748744885202813e+00, 9.29535001691634721e-01, 2.24532085746669300e-03, 1.52514483007451726e-02,-9.22073487100362965e-01,-2.10170742411669720e-02, 7.61941753411224942e-01,-4.46768479815485564e-02, 1.27798111159225969e+00, 2.28928120192809078e-03,-7.94656221478331872e+01
 2.49153389897766447e-01, 8.80000000000000000e+01,-9.94367637344681088e-02,-3.14818923235369750e-08,-3.27807195363129189e-01,-1.63732520547080851e+00, 9.30717822775774639e-01, 2.24109187938263373e-03, 1.52633560529068738e-02,-9.22895351019412558e-01,-2.10165940820238074e-02, 7.61980753547699785e-01,-4.46588459390662024e-02, 1.27759405872949383e+00, 2.29309943678867884e-03,-7.94624696047665253e+01
 2.49106329840535573e-01, 8.80500000000029104e+01,-9.94363898516228695e-02,-3.14681989664424620e-08,-3.28012907631508976e-01,-1.63716294677898233e+00, 9.31900242360178876e-01, 2.23686727513545697e-03, 1.52752403706318748e-02,-9.23717362809969744e-01,-2.10161139203101331e-02, 7.62019753185115389e-01,-4.46408592210614727e-02, 1.27720744451404844e+00, 2.29691888313131656e-03,-7.94593170448228818e+01
 2.49059321224974317e-01, 8.81000000000058208e+01,-9.94360148311444758e-02,-3.14545238423327577e-08,-3.28218571537756076e-01,-1.63700067254493575e+00, 9.33082261919936373e-01, 2.23264705988635579e-03, 1.52871012994373889e-02,-9.24539523127847152e-01,-2.10156337554332530e-02, 7.62058752371345127e-01,-4.46228877827707510e-02, 1.27682126782601002e+00, 2.30073954476459151e-03,-7.94561644641107989e+01
 2.49012363918303420e-01, 8.81500000000087311e+01,-9.94356386738674825e-02,-3.14408669314659661e-08,-3.28424187309289850e-01,-1.63683838253698899e+00, 9.34263882928500711e-01, 2.22843124819026468e-03, 1.52989388847709056e-02,-9.25361832628877945e-01,-2.10151535868003184e-02, 7.62097751154270253e-01,-4.46049315794343898e-02, 1.27643552754544953e+00, 2.30456142551050932e-03,-7.94530118587378951e+01
 2.48965457787743677e-01, 8.82000000000116415e+01,-9.94352613806294278e-02,-3.14272282141038107e-08,-3.28629755173829641e-01,-1.63667607652344449e+00, 9.35445106857349051e-01, 2.22421985399754623e-03, 1.53107531720068253e-02,-9.26184291968676687e-01,-2.10146734138184840e-02, 7.62136749581769468e-01,-4.45869905663021440e-02, 1.27605022255253497e+00, 2.30838452920339521e-03,-7.94498592248117745e+01
 2.48918602700529457e-01, 8.82500000000000000e+01,-9.94348829522708894e-02,-3.14136076705156648e-08,-3.28835275359334822e-01,-1.63651375427263446e+00, 9.36625935175636859e-01, 2.22001289065564596e-03, 1.53225442064430766e-02,-9.27006901802397865e-01,-2.10141932358950539e-02, 7.62175747701705042e-01,-4.45690646986380348e-02, 1.27566535172764439e+00, 2.31220885968876381e-03,-7.94467065584409511e+01
 2.48871798523854271e-01, 8.83000000000029104e+01,-9.94345033896351094e-02,-3.14000052809626565e-08,-3.29040748094243940e-01,-1.63635141555273367e+00, 9.37806369351554259e-01, 2.21581037090459862e-03, 1.53343120333145864e-02,-9.27829662785696230e-01,-2.10137130524368880e-02, 7.62214745561970886e-01,-4.45511539316999841e-02, 1.27528091395091714e+00, 2.31603442082772967e-03,-7.94435538557312242e+01
 2.48825045124952515e-01, 8.83500000000058208e+01,-9.94341226935685635e-02,-3.13864210257214715e-08,-3.29246173607114612e-01,-1.63618906013203991e+00, 9.38986410850288888e-01, 2.21161230688486773e-03, 1.53460566977732422e-02,-9.28652575573288730e-01,-2.10132328628513006e-02, 7.62253743210422829e-01,-4.45332582207706024e-02, 1.27489690810292799e+00, 2.31986121649038887e-03,-7.94404011127911218e+01
 2.48778342371044958e-01, 8.84000000000087311e+01,-9.94337408649206139e-02,-3.13728548850684577e-08,-3.29451552126863167e-01,-1.63602668777878724e+00, 9.40166061135393805e-01, 2.20741871013286793e-03, 1.53577782449015113e-02,-9.29475640819912075e-01,-2.10127526665454360e-02, 7.62292740694925253e-01,-4.45153775211366634e-02, 1.27451333306423731e+00, 2.32368925056025124e-03,-7.94372483257282482e+01
 2.48731690129352395e-01, 8.84500000000116415e+01,-9.94333579045435234e-02,-3.13593068392836228e-08,-3.29656883882703922e-01,-1.63586429826119262e+00, 9.41345321668435542e-01, 2.20322959158259640e-03, 1.53694767197090146e-02,-9.30298859180083704e-01,-2.10122724629264561e-02, 7.62331738063338094e-01,-4.44975117880940726e-02, 1.27413018771550646e+00, 2.32751852693310760e-03,-7.94340954906502219e+01
 2.48685088267109083e-01, 8.85000000000000000e+01,-9.94329738132926771e-02,-3.13457768686545184e-08,-3.29862169104089165e-01,-1.63570189134750232e+00, 9.42524193908660379e-01, 2.19904496156730000e-03, 1.53811521671293246e-02,-9.31122231307861203e-01,-2.10117922514016543e-02, 7.62370735363507301e-01,-4.44796609769532308e-02, 1.27374747093760554e+00, 2.33134904951593077e-03,-7.94309426036655708e+01
 2.48638536651508729e-01, 8.85500000000029104e+01,-9.94325885920259445e-02,-3.13322649534605232e-08,-3.30067408020947473e-01,-1.63553946680580387e+00, 9.43702679314365578e-01, 2.19486482981502782e-03, 1.53928046320336177e-02,-9.31945757857801982e-01,-2.10113120313779114e-02, 7.62409732643308358e-01,-4.44618250430181897e-02, 1.27336518161117196e+00, 2.33518082223133734e-03,-7.94277896608800660e+01
 2.48592035149785617e-01, 8.86000000000058208e+01,-9.94322022416045948e-02,-3.13187710739964613e-08,-3.30272600863325383e-01,-1.63537702440430976e+00, 9.44880779340832144e-01, 2.19068920545633337e-03, 1.54044341592102143e-02,-9.32769439483524865e-01,-2.10108318022625140e-02, 7.62448729950580550e-01,-4.44440039416177934e-02, 1.27298331861727787e+00, 2.33901384901086858e-03,-7.94246366584022496e+01
 2.48545583629160544e-01, 8.86500000000087311e+01,-9.94318147628926313e-02,-3.13052952105568127e-08,-3.30477747861625426e-01,-1.63521456391116815e+00, 9.46058495441712388e-01, 2.18651809701985583e-03, 1.54160407933785059e-02,-9.33593276838667885e-01,-2.10103515634626307e-02, 7.62487727333169718e-01,-4.44261976280848694e-02, 1.27260188083698411e+00, 2.34284813379949126e-03,-7.94214835923397260e+01
 2.48499181956854276e-01, 8.87000000000116415e+01,-9.94314261567569857e-02,-3.12918373434396837e-08,-3.30682849246546062e-01,-1.63505208509450872e+00, 9.47235829068677648e-01, 2.18235151243393417e-03, 1.54276245791855164e-02,-9.34417270576649583e-01,-2.10098713143854095e-02, 7.62526724838919145e-01,-4.44084060577614875e-02, 1.27222086715145255e+00, 2.34668368055445916e-03,-7.94183304588000993e+01
 2.48452830000101044e-01, 8.87500000000000000e+01,-9.94310364240676980e-02,-3.12783974529506780e-08,-3.30887905249021674e-01,-1.63488958772249249e+00, 9.48412781671071792e-01, 2.17818945902820702e-03, 1.54391855612024727e-02,-9.35241421350428981e-01,-2.10093910544381472e-02, 7.62565722515656241e-01,-4.43906291860040256e-02, 1.27184027644205755e+00, 2.35052049324417558e-03,-7.94151772538919118e+01
 2.48406527626094636e-01, 8.88000000000029104e+01,-9.94306455656973204e-02,-3.12649755193872867e-08,-3.31092916100461265e-01,-1.63472707156312236e+00, 9.49589354697287114e-01, 2.17403194352920040e-03, 1.54507237839384987e-02,-9.36065729813463809e-01,-2.10089107830277247e-02, 7.62604720411239945e-01,-4.43728669681626095e-02, 1.27146010758994321e+00, 2.35435857585268582e-03,-7.94120239737209488e+01
 2.48360274702069311e-01, 8.88500000000058208e+01,-9.94302535825216660e-02,-3.12515715230622934e-08,-3.31297882032388857e-01,-1.63456453638452359e+00, 9.50765549592718751e-01, 2.16987897206801558e-03, 1.54622392918206536e-02,-9.36890196618272109e-01,-2.10084304995614354e-02, 7.62643718573490559e-01,-4.43551193596120122e-02, 1.27108035947668774e+00, 2.35819793237299112e-03,-7.94088706143957239e+01
 2.48314071095245836e-01, 8.89000000000087311e+01,-9.94298604754193793e-02,-3.12381854442881974e-08,-3.31502803276683189e-01,-1.63440198195475928e+00, 9.51941367801117488e-01, 2.16573055017583831e-03, 1.54737321292071524e-02,-9.37714822417392235e-01,-2.10079502034464377e-02, 7.62682717050237713e-01,-4.43373863157310449e-02, 1.27070103098386200e+00, 2.36203856681147569e-03,-7.94057171720238557e+01
 2.48267916672845007e-01, 8.89500000000116415e+01,-9.94294662452719635e-02,-3.12248172633810382e-08,-3.31707680065516541e-01,-1.63423940804187229e+00, 9.53116810764260136e-01, 2.16158668278558421e-03, 1.54852023403843284e-02,-9.38539607863141279e-01,-2.10074698940898794e-02, 7.62721715889305818e-01,-4.43196677919075951e-02, 1.27032212099313968e+00, 2.36588048318681684e-03,-7.94025636427129484e+01
 2.48221811302100942e-01, 8.90000000000000000e+01,-9.94290708929640166e-02,-3.12114669606643332e-08,-3.31912512631295065e-01,-1.63407681441393970e+00, 9.54291879921596253e-01, 2.15744737423345873e-03, 1.54966499695631602e-02,-9.39364553607376584e-01,-2.10069895708990644e-02, 7.62760715138505407e-01,-4.43019637435440108e-02, 1.26994362838640606e+00, 2.36972368552883835e-03,-7.93994100225715442e+01
 2.48175754850207625e-01, 8.90500000000029104e+01,-9.94286744193826483e-02,-3.11981345164535131e-08,-3.32117301206897308e-01,-1.63391420083887673e+00, 9.55466576711628601e-01, 2.15331262825456870e-03, 1.55080750608929067e-02,-9.40189660302454655e-01,-2.10065092332808664e-02, 7.62799714845677324e-01,-4.42842741260361661e-02, 1.26956555204532262e+00, 2.37356817788301859e-03,-7.93962563077054142e+01
 2.48129747184399230e-01, 8.91000000000058208e+01,-9.94282768254181604e-02,-3.11848199110792222e-08,-3.32322046025315343e-01,-1.63375156708472491e+00, 9.56640902569849794e-01, 2.14918244799050051e-03, 1.55194776584409843e-02,-9.41014928599791634e-01,-2.10060288806425861e-02, 7.62838715058624328e-01,-4.42665988948046582e-02, 1.26918789085198358e+00, 2.37741396430374242e-03,-7.93931024942231005e+01
 2.48083788171896497e-01, 8.91500000000087311e+01,-9.94278781119637411e-02,-3.11715231248717672e-08,-3.32526747319893234e-01,-1.63358891291946051e+00, 9.57814858930128854e-01, 2.14505683598493341e-03, 1.55308578062067111e-02,-9.41840359150822315e-01,-2.10055485123913713e-02, 7.62877715825158398e-01,-4.42489380052740119e-02, 1.26881064368847762e+00, 2.38126104885883101e-03,-7.93899485782321932e+01
 2.48037877679920221e-01, 8.92000000000116415e+01,-9.94274782799153684e-02,-3.11582441381650416e-08,-3.32731405324267093e-01,-1.63342623811104293e+00, 9.58988447224341067e-01, 2.14093579418514913e-03, 1.55422155481175443e-02,-9.42665952606761448e-01,-2.10050681279343870e-02, 7.62916717193085736e-01,-4.42312914128778489e-02, 1.26843380943699868e+00, 2.38510943562834010e-03,-7.93867945558403250e+01
 2.47992015575704494e-01, 8.92500000000000000e+01,-9.94270773301721145e-02,-3.11449829313002842e-08,-3.32936020272304789e-01,-1.63326354242746175e+00, 9.60161668882056341e-01, 2.13681932394368295e-03, 1.55535509280263964e-02,-9.43491709618362151e-01,-2.10045877266789270e-02, 7.62955719210199890e-01,-4.42136590730641266e-02, 1.26805738697995474e+00, 2.38895912870352176e-03,-7.93836404231560095e+01
 2.47946201726443410e-01, 8.93000000000029104e+01,-9.94266752636355083e-02,-3.11317394846107465e-08,-3.33140592398344315e-01,-1.63310082563654735e+00, 9.61334525331880907e-01, 2.13270742601384417e-03, 1.55648639897244742e-02,-9.44317630836877253e-01,-2.10041073080318615e-02, 7.62994721924323382e-01,-4.41960409412744740e-02, 1.26768137519953150e+00, 2.39281013219124448e-03,-7.93804861762850322e+01
 2.47900435999371060e-01, 8.93500000000058208e+01,-9.94262720812103679e-02,-3.11185137784447679e-08,-3.33345121936835409e-01,-1.63293808750625646e+00, 9.62507017999424286e-01, 2.12860010055730643e-03, 1.55761547769218325e-02,-9.45143716912618559e-01,-2.10036268714004944e-02, 7.63033725383241768e-01,-4.41784369729749729e-02, 1.26730577297834857e+00, 2.39666245020730365e-03,-7.93773318113359210e+01
 2.47854718261708212e-01, 8.94000000000087311e+01,-9.94258677838042448e-02,-3.11053057931503633e-08,-3.33549609122577806e-01,-1.63277532780447987e+00, 9.63679148308655975e-01, 2.12449734713966590e-03, 1.55874233332605056e-02,-9.45969968495915747e-01,-2.10031464161919770e-02, 7.63072729634748481e-01,-4.41608471236357644e-02, 1.26693057919902197e+00, 2.40051608688088454e-03,-7.93741773244162943e+01
 2.47809048380675634e-01, 8.94500000000116415e+01,-9.94254623723275777e-02,-3.10921155090790684e-08,-3.33754054190661398e-01,-1.63261254629909280e+00, 9.64850917681568498e-01, 2.12039916473200562e-03, 1.55986697023113505e-02,-9.46796386236878562e-01,-2.10026659418134747e-02, 7.63111734726632074e-01,-4.41432713487360379e-02, 1.26655579274427432e+00, 2.40437104635344992e-03,-7.93710227116337705e+01
 2.47763426223507360e-01, 8.95000000000000000e+01,-9.94250558476936913e-02,-3.10789429065897574e-08,-3.33958457376405671e-01,-1.63244974275799759e+00, 9.66022327537850001e-01, 2.11630555171247970e-03, 1.56098939275711116e-02,-9.47622970785152785e-01,-2.10021854476722669e-02, 7.63150740706668440e-01,-4.41257096037691518e-02, 1.26618141249704474e+00, 2.40822733277765719e-03,-7.93678679690968494e+01
 2.47717851657397625e-01, 8.95500000000029104e+01,-9.94246482108186447e-02,-3.10657879660333306e-08,-3.34162818915598181e-01,-1.63228691694894223e+00, 9.67193379296208411e-01, 2.11221650586180826e-03, 1.56210960524748466e-02,-9.48449722790887240e-01,-2.10017049331752415e-02, 7.63189747622662118e-01,-4.41081618442222684e-02, 1.26580743734005252e+00, 2.41208495032173634e-03,-7.93647130929113445e+01
 2.47672324549580436e-01, 8.96000000000058208e+01,-9.94242394626214804e-02,-3.10526506677756900e-08,-3.34367139044136674e-01,-1.63212406863979553e+00, 9.68364074372377592e-01, 2.10813202437090241e-03, 1.56322761203773336e-02,-9.49276642903285395e-01,-2.10012243977296918e-02, 7.63228755522380675e-01,-4.40906280256068706e-02, 1.26543386615645037e+00, 2.41594390316289803e-03,-7.93615580791857553e+01
 2.47626844767276588e-01, 8.96500000000087311e+01,-9.94238296040241554e-02,-3.10395309921824001e-08,-3.34571417998266674e-01,-1.63196119759836544e+00, 9.69534414180436066e-01, 2.10405210383633658e-03, 1.56434341745654085e-02,-9.50103731771570148e-01,-2.10007438407427797e-02, 7.63267764453599562e-01,-4.40731081034384867e-02, 1.26506069782939101e+00, 2.41980419549169944e-03,-7.93584029240277147e+01
 2.47581412177706850e-01, 8.97000000000116415e+01,-9.94234186359513467e-02,-3.10264289196225129e-08,-3.34775656014521694e-01,-1.63179830359244016e+00, 9.70704400132495482e-01, 2.09997674026195669e-03, 1.56545702582553264e-02,-9.50930990044743130e-01,-2.10002632616216565e-02, 7.63306774464090565e-01,-4.40556020332416448e-02, 1.26468793124213530e+00, 2.42366583151100391e-03,-7.93552476235448268e+01
 2.47536026648105201e-01, 8.97500000000000000e+01,-9.94230065593307982e-02,-3.10133444304723925e-08,-3.34979853329663679e-01,-1.63163538638984096e+00, 9.71874033638344237e-01, 2.09590592906036457e-03, 1.56656844145892649e-02,-9.51758418371342896e-01,-2.09997826597736158e-02, 7.63345785601609816e-01,-4.40381097705550284e-02, 1.26431556527816102e+00, 2.42752881543480646e-03,-7.93520921738456337e+01
 2.47490688045665930e-01, 8.98000000000029104e+01,-9.94225933750927382e-02,-3.10002775051004424e-08,-3.35184010180919756e-01,-1.63147244575822747e+00, 9.73043316106825484e-01, 2.09183966504856208e-03, 1.56767766866487065e-02,-9.52586017400408491e-01,-2.09993020346055381e-02, 7.63384797913945423e-01,-4.40206312709110689e-02, 1.26394359882072882e+00, 2.43139315149278360e-03,-7.93489365710358925e+01
 2.47445396237623072e-01, 8.98500000000058208e+01,-9.94221790841705172e-02,-3.09872281238899817e-08,-3.35388126805625963e-01,-1.63130948146538524e+00, 9.74212248943773340e-01, 2.08777794245533759e-03, 1.56878471174346536e-02,-9.53413787780034827e-01,-2.09988213855247172e-02, 7.63423811448846079e-01,-4.40031664898664979e-02, 1.26357203075353453e+00, 2.43525884392348452e-03,-7.93457808112241452e+01
 2.47400151091197368e-01, 8.99000000000087311e+01,-9.94217636875002891e-02,-3.09741962672239853e-08,-3.35592203441463954e-01,-1.63114649327903627e+00, 9.75380833553392668e-01, 2.08372075491690487e-03, 1.56988957498810297e-02,-9.54241730158335355e-01,-2.09983407119383077e-02, 7.63462826254069693e-01,-4.39857153829820505e-02, 1.26320085996027576e+00, 2.43912589697887951e-03,-7.93426248905179961e+01
 2.47354959949384529e-01, 8.99500000000116415e+01,-9.94213469534759031e-02,-3.09611831682924803e-08,-3.35796240525384260e-01,-1.63098347685986567e+00, 9.76549095246762588e-01, 2.07967487624980676e-03, 1.57099229980357594e-02,-9.55069891355500467e-01,-2.09978600034139012e-02, 7.63501843175995898e-01,-4.39682798633311486e-02, 1.26283014664906057e+00, 2.44299433929754924e-03,-7.93394687404221486e+01
 2.47309818310445240e-01, 9.00000000000000000e+01,-9.94209290188548950e-02,-3.09481880752598177e-08,-3.36000238178736421e-01,-1.63082043437571578e+00, 9.77717021430837607e-01, 2.07563635754705539e-03, 1.57209286868689735e-02,-9.55898245030183613e-01,-2.09973792651092159e-02, 7.63540861795595327e-01,-4.39508587422952832e-02, 1.26245985385914627e+00, 2.44686416078957261e-03,-7.93363123948003022e+01
 2.47264723650375967e-01, 9.00500000000029104e+01,-9.94205099589413610e-02,-3.09352105677729868e-08,-3.36204196576388337e-01,-1.63065736690780194e+00, 9.78884605852053613e-01, 2.07160302716885439e-03, 1.57319127401593997e-02,-9.56726777060482148e-01,-2.09968984995783994e-02, 7.63579881905181113e-01,-4.39334513492747603e-02, 1.26208996085772762e+00, 2.45073535791931777e-03,-7.93331558704220186e+01
 2.47219675852623333e-01, 9.01000000000058208e+01,-9.94200897741679690e-02,-3.09222506289410257e-08,-3.36408115957454124e-01,-1.63049427421490489e+00, 9.80051849955778098e-01, 2.06757489370742184e-03, 1.57428752012538954e-02,-9.57555488192922910e-01,-2.09964177062074153e-02, 7.63618903554213024e-01,-4.39160576440916911e-02, 1.26172046666133952e+00, 2.45460793502481683e-03,-7.93299991632556925e+01
 2.47174674800620803e-01, 9.01500000000087311e+01,-9.94196684649698015e-02,-3.09093082418724166e-08,-3.36611996561388294e-01,-1.63033115605574053e+00, 9.81218755185650160e-01, 2.06355196524164904e-03, 1.57538161134289957e-02,-9.58384379174034740e-01,-2.09959368843820743e-02, 7.63657926792157049e-01,-4.38986775865716355e-02, 1.26135137028650091e+00, 2.45848189645699782e-03,-7.93268422692688517e+01
 2.47129720377801870e-01, 9.02000000000116415e+01,-9.94192460317844945e-02,-3.08963833896788049e-08,-3.36815838627925523e-01,-1.63016801218900831e+00, 9.82385322983275855e-01, 2.05953424933869381e-03, 1.57647355198883843e-02,-9.59213450750105223e-01,-2.09954560334881905e-02, 7.63696951668476509e-01,-4.38813111365482858e-02, 1.26098267074981996e+00, 2.46235724657865905e-03,-7.93236851844289816e+01
 2.47084812467613046e-01, 9.02500000000000000e+01,-9.94188224750523347e-02,-3.08834760554787842e-08,-3.37019642397021368e-01,-1.63000484237343946e+00, 9.83551554787850280e-01, 2.05552175305540128e-03, 1.57756334637591464e-02,-9.60042703666940667e-01,-2.09949751529117309e-02, 7.63735978232618962e-01,-4.38639582538687123e-02, 1.26061436706810315e+00, 2.46623398976322664e-03,-7.93205279047045480e+01
 2.47039950953461679e-01, 9.03000000000029104e+01,-9.94183977952156905e-02,-3.08705862223828086e-08,-3.37223408109088407e-01,-1.62984164636760220e+00, 9.84717452037564445e-01, 2.05151448293408806e-03, 1.57865099881054072e-02,-9.60872138670831211e-01,-2.09944942420382252e-02, 7.63775006534062939e-01,-4.38466188983728869e-02, 1.26024645825792669e+00, 2.47011213039941176e-03,-7.93173704260611885e+01
 2.46995135718794306e-01, 9.03500000000058208e+01,-9.94179719927198308e-02,-3.08577138735158247e-08,-3.37427136004640416e-01,-1.62967842393019224e+00, 9.85883016167525827e-01, 2.04751244500977992e-03, 1.57973651359085976e-02,-9.61701756507101546e-01,-2.09940133002536333e-02, 7.63814036622248560e-01,-4.38292930299243877e-02, 1.25987894333627914e+00, 2.47399167288431775e-03,-7.93142127444673406e+01
 2.46950366647044395e-01, 9.04000000000087311e+01,-9.94175450680124528e-02,-3.08448589920021369e-08,-3.37630826324529343e-01,-1.62951517481984021e+00, 9.87048248611134715e-01, 2.04351564480591058e-03, 1.58081989500805827e-02,-9.62531557921077696e-01,-2.09935323269437729e-02, 7.63853068546623826e-01,-4.38119806083898805e-02, 1.25951182132013462e+00, 2.47787262162800547e-03,-7.93110548558905180e+01
 2.46905643621645410e-01, 9.04500000000116415e+01,-9.94171170215437106e-02,-3.08320215609692194e-08,-3.37834479309884972e-01,-1.62935189879515896e+00, 9.88213150799747475e-01, 2.03952408733582783e-03, 1.58190114734606188e-02,-9.63361543657844654e-01,-2.09930513214944547e-02, 7.63892102356632519e-01,-4.37946815936441219e-02, 1.25914509122655827e+00, 2.48175498105237050e-03,-7.93078967562982200e+01
 2.46860966526043835e-01, 9.05000000000000000e+01,-9.94166878537663945e-02,-3.08192015635514089e-08,-3.38038095202055910e-01,-1.62918859561479334e+00, 9.89377724162325944e-01, 2.03553777710425163e-03, 1.58298027488120649e-02,-9.64191714462005245e-01,-2.09925702832916457e-02, 7.63931138101703988e-01,-4.37773959455753162e-02, 1.25877875207281464e+00, 2.48563875558998303e-03,-7.93047384416588841e+01
 2.46816335243647128e-01, 9.05500000000029104e+01,-9.94162575651354324e-02,-3.08063989828750017e-08,-3.38241674242845625e-01,-1.62902526503722656e+00, 9.90541970126809890e-01, 2.03155671810298886e-03, 1.58405728188353405e-02,-9.65022071078645238e-01,-2.09920892117208824e-02, 7.63970175831297338e-01,-4.37601236240645758e-02, 1.25841280287594071e+00, 2.48952394968865497e-03,-7.93015799079381623e+01
 2.46771749657901746e-01, 9.06000000000058208e+01,-9.94158261561086526e-02,-3.07936138020806342e-08,-3.38445216674156946e-01,-1.62886190682106813e+00, 9.91705890118057765e-01, 2.02758091381815934e-03, 1.58513217261487087e-02,-9.65852614251885400e-01,-2.09916081061681109e-02, 7.64009215594833924e-01,-4.37428645890164669e-02, 1.25804724265338641e+00, 2.49341056780458649e-03,-7.92984211511045061e+01
 2.46727209652241208e-01, 9.06500000000087311e+01,-9.94153936271462008e-02,-3.07808460043083074e-08,-3.38648722738228158e-01,-1.62869852072486232e+00, 9.92869485559235487e-01, 2.02361036722594314e-03, 1.58620495133015051e-02,-9.66683344725846383e-01,-2.09911269660191559e-02, 7.64048257441743095e-01,-4.37256188003386087e-02, 1.25768207042258884e+00, 2.49729861440697821e-03,-7.92952621671254008e+01
 2.46682715110098955e-01, 9.07000000000116415e+01,-9.94149599787107208e-02,-3.07680955727011790e-08,-3.38852192677573938e-01,-1.62853510650713784e+00, 9.94032757871444517e-01, 2.01964508079397701e-03, 1.58727562227704809e-02,-9.67514263244407369e-01,-2.09906457906598384e-02, 7.64087301421449316e-01,-4.37083862179468915e-02, 1.25731728520107722e+00, 2.50118809397680908e-03,-7.92921029519683742e+01
 2.46638265914921384e-01, 9.07500000000000000e+01,-9.94145252112675071e-02,-3.07553624904092159e-08,-3.39055626734925175e-01,-1.62837166392645138e+00, 9.95195708473412211e-01, 2.01568505648288404e-03, 1.58834418969573260e-02,-9.68345370550964368e-01,-2.09901645794761081e-02, 7.64126347583363064e-01,-4.36911668017702579e-02, 1.25695288600658195e+00, 2.50507901100578776e-03,-7.92889435016018354e+01
 2.46593861950116122e-01, 9.08000000000029104e+01,-9.94140893252839219e-02,-3.07426467405743780e-08,-3.39259025153465787e-01,-1.62820819274120288e+00, 9.96358338782816655e-01, 2.01173029574190252e-03, 1.58941065782006244e-02,-9.69176667389397783e-01,-2.09896833318535085e-02, 7.64165395976924455e-01,-4.36739605117309609e-02, 1.25658887185660895e+00, 2.50897137000079869e-03,-7.92857838119914788e+01
 2.46549503099129541e-01, 9.08500000000058208e+01,-9.94136523212302142e-02,-3.07299483063528526e-08,-3.39462388176476781e-01,-1.62804469270991570e+00, 9.97520650214286930e-01, 2.00778079951617660e-03, 1.59047503087578652e-02,-9.70008154502619568e-01,-2.09892020471779961e-02, 7.64204446651535974e-01,-4.36567673077742774e-02, 1.25622524176907535e+00, 2.51286517547719525e-03,-7.92826238791057136e+01
 2.46505189245395134e-01, 9.09000000000087311e+01,-9.94132141995789503e-02,-3.07172671709002316e-08,-3.39665716047572841e-01,-1.62788116359104729e+00, 9.98682644180738377e-01, 2.00383656824240208e-03, 1.59153731308176172e-02,-9.70839832633542787e-01,-2.09887207248353851e-02, 7.64243499656607872e-01,-4.36395871498486618e-02, 1.25586199476188920e+00, 2.51676043196327791e-03,-7.92794636989120391e+01
 2.46460920272346368e-01, 9.09500000000116415e+01,-9.94127749608052225e-02,-3.07046033173751772e-08,-3.39869009010642709e-01,-1.62771760514304176e+00, 9.99844322093025983e-01, 1.99989760185025848e-03, 1.59259750864963641e-02,-9.71671702524838476e-01,-2.09882393642114896e-02, 7.64282555041545741e-01,-4.36224199979108468e-02, 1.25549912985305157e+00, 2.52065714399913980e-03,-7.92763032673779833e+01
 2.46416696063429586e-01, 9.10000000000000000e+01,-9.94123346053866902e-02,-3.06919567289431412e-08,-3.40072267309789511e-01,-1.62755401712437164e+00, 1.00100568535962653e+00, 1.99596389976389307e-03, 1.59365562178358858e-02,-9.72503764918692726e-01,-2.09877579646922732e-02, 7.64321612855740962e-01,-4.36052658119306311e-02, 1.25513664606076492e+00, 2.52455531613558857e-03,-7.92731425804719692e+01
 2.46372516502052497e-01, 9.10500000000029104e+01,-9.94118931338031225e-02,-3.06793273887616080e-08,-3.40275491189567070e-01,-1.62739039929334917e+00, 1.00216673538798084e+00, 1.99203546089761225e-03, 1.59471165668154183e-02,-9.73336020557776571e-01,-2.09872765256632725e-02, 7.64360673148614334e-01,-4.35881245518708674e-02, 1.25477454240301123e+00, 2.52845495293865796e-03,-7.92699816341596630e+01
 2.46328381471661473e-01, 9.11000000000058208e+01,-9.94114505465371195e-02,-3.06667152800021968e-08,-3.40478680894624353e-01,-1.62722675140841311e+00, 1.00332747358246643e+00, 1.98811228366304162e-03, 1.59576561753333630e-02,-9.74168470183791935e-01,-2.09867950465104404e-02, 7.64399735969549354e-01,-4.35709961777176469e-02, 1.25441281789818371e+00, 2.53235605898280512e-03,-7.92668204244094881e+01
 2.46284290855689980e-01, 9.11500000000087311e+01,-9.94110068440736405e-02,-3.06541203858359049e-08,-3.40681836669942284e-01,-1.62706307322793808e+00, 1.00448790134574062e+00, 1.98419436596480436e-03, 1.59681750852194541e-02,-9.75001114538440516e-01,-2.09863135266195981e-02, 7.64438801367936849e-01,-4.35538806494601832e-02, 1.25405147156466690e+00, 2.53625863885541996e-03,-7.92636589471889721e+01
 2.46240244537571457e-01, 9.12000000000116415e+01,-9.94105620269000456e-02,-3.06415426894367998e-08,-3.40884958760773293e-01,-1.62689936451028005e+00, 1.00564802007842657e+00, 1.98028170520201221e-03, 1.59786733382322327e-02,-9.75833954363181877e-01,-2.09858319653765599e-02, 7.64477869393164089e-01,-4.35367779270956906e-02, 1.25369050242094104e+00, 2.54016269715576313e-03,-7.92604971984656004e+01
 2.46196242400752219e-01, 9.12500000000000000e+01,-9.94101160955064012e-02,-3.06289821739856529e-08,-3.41088047412582529e-01,-1.62673562501382629e+00, 1.00680783117875317e+00, 1.97637429826962334e-03, 1.59891509760556709e-02,-9.76666990398989299e-01,-2.09853503621672821e-02, 7.64516940094602693e-01,-4.35196879706345810e-02, 1.25332990948568868e+00, 2.54406823849376859e-03,-7.92573351742077961e+01
 2.46152284328640114e-01, 9.13000000000029104e+01,-9.94096690503847163e-02,-3.06164388226553539e-08,-3.41291102871283780e-01,-1.62657185449680619e+00, 1.00796733604390054e+00, 1.97247214155416234e-03, 1.59996080403113569e-02,-9.77500223387322231e-01,-2.09848687163773050e-02, 7.64556013521654476e-01,-4.35026107400804246e-02, 1.25296969177737361e+00, 2.54797526749456779e-03,-7.92541728703812538e+01
 2.46108370204681404e-01, 9.13500000000058208e+01,-9.94092208920299286e-02,-3.06039126186327951e-08,-3.41494125382883984e-01,-1.62640805271757216e+00, 1.00912653606799818e+00, 1.96857523094086861e-03, 1.60100445725406930e-02,-9.78333654068668568e-01,-2.09843870273925884e-02, 7.64595089723683508e-01,-4.34855461954598635e-02, 1.25260984831487177e+00, 2.55188378879174938e-03,-7.92510102829543968e+01
 2.46064499912309553e-01, 9.14000000000087311e+01,-9.94087716209392652e-02,-3.05914035451042401e-08,-3.41697115193719814e-01,-1.62624421943441355e+00, 1.01028543264346893e+00, 1.96468356180940417e-03, 1.60204606142171045e-02,-9.79167283183516535e-01,-2.09839052945989431e-02, 7.64634168750061960e-01,-4.34684942968025026e-02, 1.25225037811705220e+00, 2.55579380703188251e-03,-7.92478474078947102e+01
 2.46020673334958084e-01, 9.14500000000116415e+01,-9.94083212376123820e-02,-3.05789115852590231e-08,-3.41900072550397838e-01,-1.62608035440560261e+00, 1.01144402716066462e+00, 1.96079712903519769e-03, 1.60308562067425497e-02,-9.80001111472110331e-01,-2.09834235173821902e-02, 7.64673250650156788e-01,-4.34514550041462111e-02, 1.25189128020288143e+00, 2.55970532687330556e-03,-7.92446842411697361e+01
 2.45976890356073147e-01, 9.15000000000000000e+01,-9.94078697425515578e-02,-3.05664367222931023e-08,-3.42102997699735178e-01,-1.62591645738944179e+00, 1.01260232100757430e+00, 1.95691592699093544e-03, 1.60412313914454346e-02,-9.80835139674208434e-01,-2.09829416951282828e-02, 7.64712335473321181e-01,-4.34344282775417645e-02, 1.25153255359152737e+00, 2.56361835298512001e-03,-7.92415207787478693e+01
 2.45933150859062755e-01, 9.15500000000029104e+01,-9.94074171362610698e-02,-3.05539789393946207e-08,-3.42305890888995545e-01,-1.62575252814407412e+00, 1.01376031557112589e+00, 1.95303994954220501e-03, 1.60515862095918921e-02,-9.81669368530054709e-01,-2.09824598272227644e-02, 7.64751423268937747e-01,-4.34174140770332215e-02, 1.25117419730194412e+00, 2.56753289005161008e-03,-7.92383570165948043e+01
 2.45889454727373141e-01, 9.16000000000058208e+01,-9.94069634192480678e-02,-3.05415382197655914e-08,-3.42508752365533964e-01,-1.62558856642776828e+00, 1.01491801223520195e+00, 1.94916919005461500e-03, 1.60619207023684797e-02,-9.82503798778920467e-01,-2.09819779130515881e-02, 7.64790514086350903e-01,-4.34004123626875529e-02, 1.25081621035349677e+00, 2.57144894276552325e-03,-7.92351929506789503e+01
 2.45845801844437745e-01, 9.16500000000087311e+01,-9.94065085920219776e-02,-3.05291145466074453e-08,-3.42711582377033086e-01,-1.62542457199872836e+00, 1.01607541238196175e+00, 1.94530364138947192e-03, 1.60722349108938442e-02,-9.83338431160076354e-01,-2.09814959520005749e-02, 7.64829607974913617e-01,-4.33834230945748245e-02, 1.25045859176554486e+00, 2.57536651583255413e-03,-7.92320285769678208e+01
 2.45802192093690058e-01, 9.17000000000116415e+01,-9.94060526550947093e-02,-3.05167079031246110e-08,-3.42914381171443905e-01,-1.62526054461514224e+00, 1.01723251739151421e+00, 1.94144329590518246e-03, 1.60825288762159700e-02,-9.84173266412549319e-01,-2.09810139434555322e-02, 7.64868704983973413e-01,-4.33664462327731925e-02, 1.25010134055754762e+00, 2.57928561397022943e-03,-7.92288638914289294e+01
 2.45758625358576205e-01, 9.17500000000000000e+01,-9.94055956089806431e-02,-3.05043182725281211e-08,-3.43117148996925692e-01,-1.62509648403522866e+00, 1.01838932864157972e+00, 1.93758814545862200e-03, 1.60928026393092512e-02,-9.85008305274879814e-01,-2.09805318868024268e-02, 7.64907805162864274e-01,-4.33494817373737823e-02, 1.24974445574916615e+00, 2.58320624190676784e-03,-7.92256988900307135e+01
 2.45715101522504309e-01, 9.18000000000029104e+01,-9.94051374541962962e-02,-3.04919456380211933e-08,-3.43319886102082306e-01,-1.62493239001704470e+00, 1.01954584750884925e+00, 1.93373818140092201e-03, 1.61030562410867627e-02,-9.85843548486091681e-01,-2.09800497814267954e-02, 7.64946908560949601e-01,-4.33325295684609188e-02, 1.24938793635985057e+00, 2.58712840438568440e-03,-7.92225335687388110e+01
 2.45671620468920548e-01, 9.18500000000058208e+01,-9.94046781912609617e-02,-3.04795899828208821e-08,-3.43522592735607313e-01,-1.62476826231877602e+00, 1.02070207536693003e+00, 1.92989339458436758e-03, 1.61132897223817649e-02,-9.86678996784237539e-01,-2.09795676267145910e-02, 7.64986015227554050e-01,-4.33155896861418740e-02, 1.24903178140946203e+00, 2.59105210615883990e-03,-7.92193679235216877e+01
 2.45628182081258362e-01, 9.19000000000087311e+01,-9.94042178206961669e-02,-3.04672512901436002e-08,-3.43725269146519852e-01,-1.62460410069854100e+00, 1.02185801358774064e+00, 1.92605377535825357e-03, 1.61235031239606377e-02,-9.87514650907367564e-01,-2.09790854220516312e-02, 7.65025125212010826e-01,-4.32986620505268621e-02, 1.24867598991785766e+00, 2.59497735199115372e-03,-7.92162019503468144e+01
 2.45584786242951214e-01, 9.19500000000116415e+01,-9.94037563430259785e-02,-3.04549295432087383e-08,-3.43927915584105459e-01,-1.62443990491444423e+00, 1.02301366354112133e+00, 1.92221931357013293e-03, 1.61336964865190433e-02,-9.88350511593287795e-01,-2.09786031668237373e-02, 7.65064238563649024e-01,-4.32817466217343336e-02, 1.24832056090499477e+00, 2.59890414665930793e-03,-7.92130356451817335e+01
 2.45541432837445200e-01, 9.20000000000000000e+01,-9.94032937587769339e-02,-3.04426247252422646e-08,-3.44130532297856062e-01,-1.62427567472461964e+00, 1.02416902659454490e+00, 1.91838999856725856e-03, 1.61438698506798407e-02,-9.89186579579316216e-01,-2.09781208604168622e-02, 7.65103355331782309e-01,-4.32648433598954718e-02, 1.24796549339103491e+00, 2.60283249495074035e-03,-7.92098690039948536e+01
 2.45498124959518921e-01, 9.20500000000029104e+01,-9.94028299611388194e-02,-3.04303385031787812e-08,-3.44333120490530220e-01,-1.62411140730938541e+00, 1.02532411905784748e+00, 1.91456879022383381e-03, 1.61540234955213427e-02,-9.90022882959501249e-01,-2.09776384959750942e-02, 7.65142476071944189e-01,-4.32479530436902307e-02, 1.24761081269573415e+00, 2.60676242675684459e-03,-7.92067019817728522e+01
 2.45454865387205123e-01, 9.21000000000058208e+01,-9.94023648538334831e-02,-3.04180723777066269e-08,-3.44535681271134597e-01,-1.62394710010334875e+00, 1.02647895574295012e+00, 1.91075836911029618e-03, 1.61641576756767248e-02,-9.90859447123532799e-01,-2.09771560672586677e-02, 7.65181601289656732e-01,-4.32310763709413196e-02, 1.24725654154089560e+00, 2.61069396943659207e-03,-7.92035345375477675e+01
 2.45411648539060195e-01, 9.21500000000087311e+01,-9.94018986200207871e-02,-3.04058234667309441e-08,-3.44738213268669103e-01,-1.62378275725092558e+00, 1.02763351256975710e+00, 1.90695367560746046e-03, 1.61742720251785571e-02,-9.91696226252638202e-01,-2.09766735842746091e-02, 7.65220730172817776e-01,-4.32142119087613533e-02, 1.24690263418940295e+00, 2.61462708508132611e-03,-7.92003667370219659e+01
 2.45368474313170937e-01, 9.22000000000116415e+01,-9.94014312597378130e-02,-3.03935917611418338e-08,-3.44940716738100450e-01,-1.62361837849835089e+00, 1.02878779096280515e+00, 1.90315471286283604e-03, 1.61843665853304321e-02,-9.92533221207475003e-01,-2.09761910463802485e-02, 7.65259862773040700e-01,-4.31973596210224534e-02, 1.24654908978108891e+00, 2.61856177863099924e-03,-7.91971985759759463e+01
 2.45325342607636637e-01, 9.22500000000000000e+01,-9.94009627730238765e-02,-3.03813772518351278e-08,-3.45143191934599025e-01,-1.62345396359189609e+00, 1.02994179234412830e+00, 1.89936148359240702e-03, 1.61944413973591425e-02,-9.93370432848189933e-01,-2.09757084529330722e-02, 7.65298999141923342e-01,-4.31805194716091412e-02, 1.24619590745597097e+00, 2.62249805503589123e-03,-7.91940300501911736e+01
 2.45282253320518978e-01, 9.23000000000029104e+01,-9.94004931599200420e-02,-3.03691799296981017e-08,-3.45345639113774083e-01,-1.62328951227766693e+00, 1.03109551813462952e+00, 1.89557399007653834e-03, 1.62044965024269461e-02,-9.94207862035391243e-01,-2.09752258032901394e-02, 7.65338139331093181e-01,-4.31636914243984371e-02, 1.24584308635384167e+00, 2.62643591926127289e-03,-7.91908611554463135e+01
 2.45239206349917305e-01, 9.23500000000058208e+01,-9.94000224204699134e-02,-3.03569997856308488e-08,-3.45548058531319813e-01,-1.62312502430189731e+00, 1.03224896975204650e+00, 1.89179223416680573e-03, 1.62145319416137600e-02,-9.95045509628690095e-01,-2.09747430968089191e-02, 7.65377283392140062e-01,-4.31468754432895174e-02, 1.24549062561488522e+00, 2.63037537628047933e-03,-7.91876918875228171e+01
 2.45196201593918334e-01, 9.24000000000087311e+01,-9.93995505547190794e-02,-3.03448368105320001e-08,-3.45750450443250312e-01,-1.62296049941075515e+00, 1.03340214861230817e+00, 1.88801621728186108e-03, 1.62245477559291966e-02,-9.95883376487671335e-01,-2.09742603328467517e-02, 7.65416431376660711e-01,-4.31300714921839523e-02, 1.24513852437926587e+00, 2.63431643107952911e-03,-7.91845222422011972e+01
 2.45153238950608865e-01, 9.24500000000116415e+01,-9.93990775627152517e-02,-3.03326909953023306e-08,-3.45952815105840472e-01,-1.62279593735039329e+00, 1.03455505612918164e+00, 1.88424594040874837e-03, 1.62345439863094028e-02,-9.96721463471652802e-01,-2.09737775107609811e-02, 7.65455583336247858e-01,-4.31132795349906048e-02, 1.24478678178723223e+00, 2.63825908865593156e-03,-7.91813522152619953e+01
 2.45110318318088188e-01, 9.25000000000000000e+01,-9.93986034445084321e-02,-3.03205623308482402e-08,-3.46155152775566799e-01,-1.62263133786699210e+00, 1.03570769371395621e+00, 1.88048140410428653e-03, 1.62445206736146312e-02,-9.97559771439438858e-01,-2.09732946299090763e-02, 7.65494739322478579e-01,-4.30964995356306127e-02, 1.24443539697921901e+00, 2.64220335401760265e-03,-7.91781818024866482e+01
 2.45067439594418041e-01, 9.25500000000029104e+01,-9.93981282001503152e-02,-3.03084508080676585e-08,-3.46357463709342117e-01,-1.62246670070657406e+00, 1.03686006277676790e+00, 1.87672260849089390e-03, 1.62544778586405786e-02,-9.98398301250297715e-01,-2.09728116896481069e-02, 7.65533899386960037e-01,-4.30797314580177518e-02, 1.24408436909543685e+00, 2.64614923218739646e-03,-7.91750109996538498e+01
 2.45024602677697712e-01, 9.26000000000058208e+01,-9.93976518296951217e-02,-3.02963564178711808e-08,-3.46559748164162018e-01,-1.62230202561528492e+00, 1.03801216472460744e+00, 1.87296955326344541e-03, 1.62644155821014685e-02,-9.99237053762496608e-01,-2.09723286893355419e-02, 7.65573063581261315e-01,-4.30629752660877524e-02, 1.24373369727649052e+00, 2.65009672819629298e-03,-7.91718398025450227e+01
 2.44981807466013973e-01, 9.26500000000087311e+01,-9.93971743331990704e-02,-3.02842791511679729e-08,-3.46762006397340061e-01,-1.62213731233920688e+00, 1.03916400096263972e+00, 1.86922223768507933e-03, 1.62743338846413309e-02,-1.00007602983427768e+00,-2.09718456283287183e-02, 7.65612231956958711e-01,-4.30462309237786903e-02, 1.24338338066296439e+00, 2.65404584708791745e-03,-7.91686682069406942e+01
 2.44939053857453598e-01, 9.27000000000116415e+01,-9.93966957107205035e-02,-3.02722189988693053e-08,-3.46964238666448488e-01,-1.62197256062440598e+00, 1.04031557289387067e+00, 1.86548066058853578e-03, 1.62842328068312538e-02,-1.00091523032361440e+00,-2.09713625059849765e-02, 7.65651404565623639e-01,-4.30294983950361073e-02, 1.24303341839552850e+00, 2.65799659391740672e-03,-7.91654962086214056e+01
 2.44896341750115792e-01, 9.27500000000000000e+01,-9.93962159623199559e-02,-3.02601759518920003e-08,-3.47166445229258602e-01,-1.62180777021697686e+00, 1.04146688191882952e+00, 1.86174482037750879e-03, 1.62941123891668718e-02,-1.00175465608796599e+00,-2.09708793216617957e-02, 7.65690581458813191e-01,-4.30127776438176193e-02, 1.24268380961504077e+00, 2.66194897375030470e-03,-7.91623238033685936e+01
 2.44853671042062432e-01, 9.28000000000029104e+01,-9.93957350880597668e-02,-3.02481500011444561e-08,-3.47368626343976306e-01,-1.62164294086285499e+00, 1.04261792943689158e+00, 1.85801471502249288e-03, 1.63039726720796800e-02,-1.00259430798525528e+00,-2.09703960747162355e-02, 7.65729762688113547e-01,-4.29960686340734380e-02, 1.24233455346213750e+00, 2.66590299166712423e-03,-7.91591509869609382e+01
 2.44811041631392778e-01, 9.28500000000058208e+01,-9.93952530880046897e-02,-3.02361411375476774e-08,-3.47570782268887712e-01,-1.62147807230810037e+00, 1.04376871684427908e+00, 1.85429034206755590e-03, 1.63138136959200299e-02,-1.00343418687240304e+00,-2.09699127645057715e-02, 7.65768948305072916e-01,-4.29793713297758131e-02, 1.24198564907784692e+00, 2.66985865275647495e-03,-7.91559777551798760e+01
 2.44768453416193549e-01, 9.29000000000087311e+01,-9.93947699622215186e-02,-3.02241493520211996e-08,-3.47772913262595240e-01,-1.62131316429870931e+00, 1.04491924553538462e+00, 1.85057169862618020e-03, 1.63236355009684711e-02,-1.00427429360630449e+00,-2.09694293903877373e-02, 7.65808138361246837e-01,-4.29626856948992705e-02, 1.24163709560318081e+00, 2.67381596211961441e-03,-7.91528041038059484e+01
 2.44725906294551543e-01, 9.29500000000116415e+01,-9.93942857107790873e-02,-3.02121746354866097e-08,-3.47975019583957379e-01,-1.62114821658066188e+00, 1.04606951690245698e+00, 1.84685878138261209e-03, 1.63334381274333057e-02,-1.00511462904358417e+00,-2.09689459517194768e-02, 7.65847332908186296e-01,-4.29460116934257466e-02, 1.24128889217923666e+00, 2.67777492486936898e-03,-7.91496300286196686e+01
 2.44683400164565884e-01, 9.30000000000000000e+01,-9.93938003337485887e-02,-3.02002169788710266e-08,-3.48177101492029961e-01,-1.62098322889996660e+00, 1.04721953233525067e+00, 1.84315158659312814e-03, 1.63432216154475486e-02,-1.00595519404035283e+00,-2.09684624478584693e-02, 7.65886531997427178e-01,-4.29293492893491890e-02, 1.24094103794729982e+00, 2.68173554612893090e-03,-7.91464555254024873e+01
 2.44640934924298586e-01, 9.30500000000029104e+01,-9.93933138312027703e-02,-3.01882763730931985e-08,-3.48379159246300807e-01,-1.62081820100247143e+00, 1.04836929322237449e+00, 1.83945011008195426e-03, 1.63529860050805817e-02,-1.00679598945318438e+00,-2.09679788781617638e-02, 7.65925735680535014e-01,-4.29126984466562458e-02, 1.24059353204843825e+00, 2.68569783103650298e-03,-7.91432805899330702e+01
 2.44598510471848857e-01, 9.31000000000058208e+01,-9.93928262032169468e-02,-3.01763528090843274e-08,-3.48581193106336673e-01,-1.62065313263415289e+00, 1.04951880094926708e+00, 1.83575434724792658e-03, 1.63627313363209036e-02,-1.00763701613764911e+00,-2.09674952419868464e-02, 7.65964944009037363e-01,-4.28960591293554225e-02, 1.24024637362411050e+00, 2.68966178473834059e-03,-7.91401052179928826e+01
 2.44556126705303412e-01, 9.31500000000087311e+01,-9.93923374498683898e-02,-3.01644462777741794e-08,-3.48783203332017566e-01,-1.62048802354092070e+00, 1.05066805689955722e+00, 1.83206429306041665e-03, 1.63724576490879396e-02,-1.00847827494929021e+00,-2.09670115386910473e-02, 7.66004157034468336e-01,-4.28794313014576323e-02, 1.23989956181576000e+00, 2.69362741239342071e-03,-7.91369294053624373e+01
 2.44513783522749023e-01, 9.32000000000116415e+01,-9.93918475712364802e-02,-3.01525567700945387e-08,-3.48985190183478289e-01,-1.62032287346866788e+00, 1.05181706245471229e+00, 1.82837994206059640e-03, 1.63821649832290028e-02,-1.00931976674338109e+00,-2.09665277676317104e-02, 7.66043374808358379e-01,-4.28628149269809702e-02, 1.23955309576491768e+00, 2.69759471917224670e-03,-7.91337531478222616e+01
 2.44471480822284815e-01, 9.32500000000000000e+01,-9.93913565674028193e-02,-3.01406842769826823e-08,-3.49187153921048377e-01,-1.62015768216331879e+00, 1.05296581899370967e+00, 1.82470128836271605e-03, 1.63918533785166846e-02,-1.01016149237467912e+00,-2.09660439281663183e-02, 7.66082597382222064e-01,-4.28462099699556745e-02, 1.23920697461330254e+00, 2.70156371025571419e-03,-7.91305764411538064e+01
 2.44429218501972884e-01, 9.33000000000029104e+01,-9.93908644384506462e-02,-3.01288287893675094e-08,-3.49389094805487577e-01,-1.61999244937063547e+00, 1.05411432789437631e+00, 1.82102832565003616e-03, 1.64015228746602695e-02,-1.01100345269840508e+00,-2.09655600196519201e-02, 7.66121824807604601e-01,-4.28296163944046002e-02, 1.23886119750241863e+00, 2.70553439083974110e-03,-7.91273992811357374e+01
 2.44386996459912326e-01, 9.33500000000058208e+01,-9.93903711844657256e-02,-3.01169902981903070e-08,-3.49591013097632297e-01,-1.61982717483650829e+00, 1.05526259053137572e+00, 1.81736104718143365e-03, 1.64111735112887243e-02,-1.01184564856877435e+00,-2.09650760414459951e-02, 7.66161057136011903e-01,-4.28130341643724877e-02, 1.23851576357416016e+00, 2.70950676612831355e-03,-7.91242216635495055e+01
 2.44344814594189941e-01, 9.34000000000087311e+01,-9.93898768055357928e-02,-3.01051687943909327e-08,-3.49792909058630475e-01,-1.61966185830676213e+00, 1.05641060827754241e+00, 1.81369944578731006e-03, 1.64208053279620812e-02,-1.01268808083997586e+00,-2.09645919929058837e-02, 7.66200294418957539e-01,-4.27964632439064019e-02, 1.23817067197040842e+00, 2.71348084133811061e-03,-7.91210435841756521e+01
 2.44302672802892501e-01, 9.34500000000116415e+01,-9.93893813017506511e-02,-3.00933642689111964e-08,-3.49994782949882233e-01,-1.61949649952720320e+00, 1.05755838250356859e+00, 1.81004351387089842e-03, 1.64304183641690513e-02,-1.01353075036592566e+00,-2.09641078733889194e-02, 7.66239536707950641e-01,-4.27799035970605410e-02, 1.23782592183313289e+00, 2.71745662169740193e-03,-7.91178650387946760e+01
 2.44260570984118991e-01, 9.35000000000000000e+01,-9.93888846732023240e-02,-3.00815767126983606e-08,-3.50196635032981318e-01,-1.61933109824367216e+00, 1.05870591457763963e+00, 1.80639324340945611e-03, 1.64400126593237730e-02,-1.01437365800002488e+00,-2.09636236822525884e-02, 7.66278784054485018e-01,-4.27633551879012530e-02, 1.23748151230449110e+00, 2.72143411244481432e-03,-7.91146860231880424e+01
 2.44218509035931702e-01, 9.35500000000029104e+01,-9.93883869199844450e-02,-3.00698061166913699e-08,-3.50398465569948581e-01,-1.61916565420184444e+00, 1.05985320586679288e+00, 1.80274862595025003e-03, 1.64495882527775014e-02,-1.01521680459613761e+00,-2.09631394188539363e-02, 7.66318036510084455e-01,-4.27468179804875309e-02, 1.23713744252642943e+00, 2.72541331883402590e-03,-7.91115065331344169e+01
 2.44176486856429620e-01, 9.36000000000058208e+01,-9.93878880421932287e-02,-3.00580524718414439e-08,-3.50600274822880198e-01,-1.61900016714752581e+00, 1.06100025773489981e+00, 1.79910965261709460e-03, 1.64591451838016940e-02,-1.01606019100711920e+00,-2.09626550825504528e-02, 7.66357294126234212e-01,-4.27302919389001140e-02, 1.23679371164128260e+00, 2.72939424612678909e-03,-7.91083265644152505e+01
 2.44134504343699599e-01, 9.36500000000087311e+01,-9.93873880399267495e-02,-3.00463157690983534e-08,-3.50802063054181767e-01,-1.61883463682645523e+00, 1.06214707154400845e+00, 1.79547631410628683e-03, 1.64686834915993285e-02,-1.01690381808579944e+00,-2.09621706726994712e-02, 7.66396556954426100e-01,-4.27137770272221010e-02, 1.23645031879137490e+00, 2.73337689959757399e-03,-7.91051461128110702e+01
 2.44092561395828328e-01, 9.37000000000116415e+01,-9.93868869132851912e-02,-3.00345959994138077e-08,-3.51003830526509131e-01,-1.61866906298435431e+00, 1.06329364865400944e+00, 1.79184860068786009e-03, 1.64782032153023145e-02,-1.01774768668473503e+00,-2.09616861886583287e-02, 7.66435825046148711e-01,-4.26972732095437096e-02, 1.23610726311911923e+00, 2.73736128453242562e-03,-7.91019651741023893e+01
 2.44050657910914792e-01, 9.37500000000000000e+01,-9.93863846623709163e-02,-3.00228931537449296e-08,-3.51205577502709310e-01,-1.61850344536697865e+00, 1.06443999042229209e+00, 1.78822650220679131e-03, 1.64877043939685164e-02,-1.01859179765596486e+00,-2.09612016297845045e-02, 7.66475098452874204e-01,-4.26807804499672247e-02, 1.23576454376711764e+00, 2.74134740622776528e-03,-7.90987837440706727e+01
 2.44008793787021422e-01, 9.38000000000029104e+01,-9.93858812872879804e-02,-3.00112072230405168e-08,-3.51407304246055041e-01,-1.61833778371991865e+00, 1.06558609820509242e+00, 1.78461000807898654e-03, 1.64971870665932448e-02,-1.01943615185199166e+00,-2.09607169954350546e-02, 7.66514377226105603e-01,-4.26642987125877074e-02, 1.23542215987776327e+00, 2.74533526999508424e-03,-7.90956018184945862e+01
 2.43966968922247118e-01, 9.38500000000058208e+01,-9.93853767881428818e-02,-2.99995381982616095e-08,-3.51609011019892170e-01,-1.61817207778889460e+00, 1.06673197335548231e+00, 1.78099910729776260e-03, 1.65066512720925020e-02,-1.02028075012430874e+00,-2.09602322849674616e-02, 7.66553661417306076e-01,-4.26478279615217504e-02, 1.23508011059383715e+00, 2.74932488115395626e-03,-7.90924193931555806e+01
 2.43925183214678681e-01, 9.39000000000087311e+01,-9.93848711650440475e-02,-2.99878860703677124e-08,-3.51810698087873797e-01,-1.61800632731955973e+00, 1.06787761722470975e+00, 1.77739378842980923e-03, 1.65160970493143135e-02,-1.02112559332438169e+00,-2.09597474977390522e-02, 7.66592951077947338e-01,-4.26313681608883124e-02, 1.23473839505811100e+00, 2.75331624503669581e-03,-7.90892364638341689e+01
 2.43883436562402883e-01, 9.39500000000116415e+01,-9.93843644181019725e-02,-2.99762508303203289e-08,-3.52012365713901820e-01,-1.61784053205755329e+00, 1.06902303116185049e+00, 1.77379403961638394e-03, 1.65255244370357650e-02,-1.02197068230340249e+00,-2.09592626331071771e-02, 7.66632246259495997e-01,-4.26149192748136244e-02, 1.23439701241344713e+00, 2.75730936698716147e-03,-7.90860530263108927e+01
 2.43841728863518653e-01, 9.40000000000000000e+01,-9.93838565474293584e-02,-2.99646324690862365e-08,-3.52214014162066824e-01,-1.61767469174854273e+00, 1.07016821651349558e+00, 1.77019984857455922e-03, 1.65349334739607022e-02,-1.02281601791204491e+00,-2.09587776904293054e-02, 7.66671547013403232e-01,-4.25984812674357199e-02, 1.23405596180289723e+00, 2.76130425235966140e-03,-7.90828690763671887e+01
 2.43800060016088449e-01, 9.40500000000029104e+01,-9.93833475531405164e-02,-2.99530309776240070e-08,-3.52415643696883440e-01,-1.61750880613803649e+00, 1.07131317462506503e+00, 1.76661120259316703e-03, 1.65443241987304583e-02,-1.02366160100144565e+00,-2.09582926690625067e-02, 7.66710853391150415e-01,-4.25820541028854790e-02, 1.23371524236930541e+00, 2.76530090652354205e-03,-7.90796846097817365e+01
 2.43758429918211172e-01, 9.41000000000058208e+01,-9.93828374353522281e-02,-2.99414463469042756e-08,-3.52617254582937467e-01,-1.61734287497166762e+00, 1.07245790683882403e+00, 1.76302808853926211e-03, 1.65536966499077731e-02,-1.02450743242173092e+00,-2.09578075683642430e-02, 7.66750165444179843e-01,-4.25656377453153476e-02, 1.23337485325590390e+00, 2.76929933485627012e-03,-7.90764996223359731e+01
 2.43716838467973651e-01, 9.41500000000087311e+01,-9.93823261941832597e-02,-2.99298785678962221e-08,-3.52818847085120180e-01,-1.61717689799500808e+00, 1.07360241449518989e+00, 1.75945049285404650e-03, 1.65630508659874130e-02,-1.02535351302299804e+00,-2.09573223876918582e-02, 7.66789483223941026e-01,-4.25492321588801306e-02, 1.23303479360591850e+00, 2.77329954274800920e-03,-7.90733141098104539e+01
 2.43675293188627906e-01, 9.42000000000116415e+01,-9.93818135515180112e-02,-2.99183296056889408e-08,-3.53020425132752780e-01,-1.61701086621433765e+00, 1.07474674913265944e+00, 1.75588558565427009e-03, 1.65723876962907551e-02,-1.02619991472769834e+00,-2.09568371051102390e-02, 7.66828808507315163e-01,-4.25328391812210549e-02, 1.23269512490377164e+00, 2.77730164395311807e-03,-7.90701279281874747e+01
 2.43633787108288480e-01, 9.42500000000000000e+01,-9.93812997580860585e-02,-2.99067976725615136e-08,-3.53221985690210016e-01,-1.61684478724876013e+00, 1.07589086682038149e+00, 1.75232689744417628e-03, 1.65817064471428903e-02,-1.02704657434401714e+00,-2.09563517391605746e-02, 7.66868139791109349e-01,-4.25164570884168369e-02, 1.23235579012081820e+00, 2.78130554620901029e-03,-7.90669411992014801e+01
 2.43592319931003526e-01, 9.43000000000029104e+01,-9.93807848210827294e-02,-2.98952827092418307e-08,-3.53423528930037034e-01,-1.61667866106602531e+00, 1.07703476761122729e+00, 1.74877423266074855e-03, 1.65910071360334255e-02,-1.02789349091251969e+00,-2.09558662897416682e-02, 7.66907477082873990e-01,-4.25000857969461340e-02, 1.23201678681354543e+00, 2.78531125217979826e-03,-7.90637539221880559e+01
 2.43550891567521827e-01, 9.43500000000058208e+01,-9.93802687401655616e-02,-2.98837847099750047e-08,-3.53625055124147492e-01,-1.61651248739715925e+00, 1.07817845291582137e+00, 1.74522758985963707e-03, 1.66002898023653589e-02,-1.02874066539907272e+00,-2.09553807561756698e-02, 7.66946820436885779e-01,-4.24837252740874957e-02, 1.23167811422850715e+00, 2.78931876747477020e-03,-7.90605660926967033e+01
 2.43509501928580063e-01, 9.44000000000087311e+01,-9.93797515149938693e-02,-2.98723036690044012e-08,-3.53826564544757527e-01,-1.61634626597312403e+00, 1.07932192414280603e+00, 1.74168696722789423e-03, 1.66095544854694861e-02,-1.02958809876949320e+00,-2.09548951377846009e-02, 7.66986169907426851e-01,-4.24673754871214837e-02, 1.23133977161223185e+00, 2.79332809771570822e-03,-7.90573777062760712e+01
 2.43468150924914944e-01, 9.44500000000116415e+01,-9.93792331452286876e-02,-2.98608395805749408e-08,-3.54028057464326473e-01,-1.61617999652486222e+00, 1.08046518269856562e+00, 1.73815236258530615e-03, 1.66188012246027868e-02,-1.03043579198929747e+00,-2.09544094338904724e-02, 7.67025525548776343e-01,-4.24510364033349810e-02, 1.23100175821132551e+00, 2.79733924853589611e-03,-7.90541887584747229e+01
 2.43426838467275142e-01, 9.45000000000000000e+01,-9.93787136305330776e-02,-2.98493924389364543e-08,-3.54229534155497794e-01,-1.61601367878334878e+00, 1.08160822998683970e+00, 1.73462377338549998e-03, 1.66280300589448649e-02,-1.03128374602345763e+00,-2.09539236438154447e-02, 7.67064887415195740e-01,-4.24347079900263963e-02, 1.23066407327256622e+00, 2.80135222557878916e-03,-7.90509992448422167e+01
 2.43385564466373300e-01, 9.45500000000029104e+01,-9.93781929705714051e-02,-2.98379622383303221e-08,-3.54430994891333728e-01,-1.61584731247939395e+00, 1.08275106741009197e+00, 1.73110119671208789e-03, 1.66372410276094534e-02,-1.03213196183738565e+00,-2.09534377668812409e-02, 7.67104255560977610e-01,-4.24183902144864358e-02, 1.23032671604251531e+00, 2.80536703450280818e-03,-7.90478091609252829e+01
 2.43344328832958173e-01, 9.46000000000058208e+01,-9.93776711650103534e-02,-2.98265489730095051e-08,-3.54632439944962019e-01,-1.61568089734393761e+00, 1.08389369636748634e+00, 1.72758462928496409e-03, 1.66464341696279522e-02,-1.03298044039545500e+00,-2.09529518024100213e-02, 7.67143630040375335e-01,-4.24020830440266019e-02, 1.22998968576810408e+00, 2.80938368097425652e-03,-7.90446185022734653e+01
 2.43303131477766416e-01, 9.46500000000087311e+01,-9.93771482135181877e-02,-2.98151526372251574e-08,-3.54833869589811002e-01,-1.61551443310785237e+00, 1.08503611825623958e+00, 1.72407406745640280e-03, 1.66556095239605850e-02,-1.03382918266198631e+00,-2.09524657497238004e-02, 7.67183010907648733e-01,-4.23857864459601871e-02, 1.22965298169624138e+00, 2.81340217067205028e-03,-7.90414272644353559e+01
 2.43261972311534708e-01, 9.47000000000116415e+01,-9.93766241157650471e-02,-2.98037732252299820e-08,-3.55035284099549986e-01,-1.61534791950199441e+00, 1.08617833447126499e+00, 1.72056950721222483e-03, 1.66647671294934685e-02,-1.03467818960100022e+00,-2.09519796081445928e-02, 7.67222398217053403e-01,-4.23695003876071036e-02, 1.22931660307391333e+00, 2.81742250928649577e-03,-7.90382354429595750e+01
 2.43220851245011721e-01, 9.47500000000000000e+01,-9.93760988714229854e-02,-2.97924107312815156e-08,-3.55236683748030191e-01,-1.61518135625724923e+00, 1.08732034640486996e+00, 1.71707094417303664e-03, 1.66739070250365162e-02,-1.03552746217597025e+00,-2.09514933769945517e-02, 7.67261792022828737e-01,-4.23532248362985392e-02, 1.22898054914828037e+00, 2.82144470251820484e-03,-7.90350430333956240e+01
 2.43179768188910211e-01, 9.48000000000029104e+01,-9.93755724801654028e-02,-2.97810651496289141e-08,-3.55438068809519170e-01,-1.61501474310434201e+00, 1.08846215544804581e+00, 1.71357837359025563e-03, 1.66830292493335176e-02,-1.03637700135081179e+00,-2.09510070555954178e-02, 7.67301192379244212e-01,-4.23369597593579866e-02, 1.22864481916628621e+00, 2.82546875608266504e-03,-7.90318500312902756e+01
 2.43138723053978822e-01, 9.48500000000058208e+01,-9.93750449416680032e-02,-2.97697364745327781e-08,-3.55639439558348203e-01,-1.61484807977412359e+00, 1.08960376298850381e+00, 1.71009179035244642e-03, 1.66921338410467718e-02,-1.03722680808839840e+00,-2.09505206432693304e-02, 7.67340599340529783e-01,-4.23207051241298246e-02, 1.22830941237524538e+00, 2.82949467570331415e-03,-7.90286564321930598e+01
 2.43097715750954263e-01, 9.49000000000087311e+01,-9.93745162556080308e-02,-2.97584247002519151e-08,-3.55840796269146609e-01,-1.61468136599737933e+00, 1.09074517041199770e+00, 1.70661118898139306e-03, 1.67012208387677490e-02,-1.03807688335154991e+00,-2.09500341393383249e-02, 7.67380012960922953e-01,-4.23044608979600972e-02, 1.22797432802245177e+00, 2.83352246711620097e-03,-7.90254622316525683e+01
 2.43056746190573186e-01, 9.49500000000116415e+01,-9.93739864216646313e-02,-2.97471298210466412e-08,-3.56042139216782461e-01,-1.61451460150487747e+00, 1.09188637910198150e+00, 1.70313656363326425e-03, 1.67102902810143013e-02,-1.03892722810278548e+00,-2.09495475431243951e-02, 7.67419433294656561e-01,-4.22882270482014058e-02, 1.22763956535527607e+00, 2.83755213606879395e-03,-7.90222674252174073e+01
 2.43015814283584236e-01, 9.50000000000000000e+01,-9.93734554395188513e-02,-2.97358518311820536e-08,-3.56243468676304020e-01,-1.61434778602741735e+00, 1.09302739043928532e+00, 1.69966790809979369e-03, 1.67193422062282999e-02,-1.03977784330407608e+00,-2.09490608539497081e-02, 7.67458860395946574e-01,-4.22720035422176482e-02, 1.22730512362126487e+00, 2.84158368831883244e-03,-7.90190720084371065e+01
 2.42974919940700224e-01, 9.50500000000029104e+01,-9.93729233088530839e-02,-2.97245907249149117e-08,-3.56444784923173164e-01,-1.61418091929563490e+00, 1.09416820580343721e+00, 1.69620521580439334e-03, 1.67283766527861581e-02,-1.04062872991783451e+00,-2.09485740711359940e-02, 7.67498294319039709e-01,-4.22557903473650964e-02, 1.22697100206774934e+00, 2.84561712963901127e-03,-7.90158759768584105e+01
 2.42934063072669792e-01, 9.51000000000058208e+01,-9.93723900293519147e-02,-2.97133464965133104e-08,-3.56646088232913605e-01,-1.61401400104029547e+00, 1.09530882657067030e+00, 1.69274847980835992e-03, 1.67373936589830935e-02,-1.04147988890542864e+00,-2.09480871940054027e-02, 7.67537735118142717e-01,-4.22395874310207003e-02, 1.22663719994243192e+00, 2.84965246580993646e-03,-7.90126793260308631e+01
 2.42893243590229624e-01, 9.51500000000087311e+01,-9.93718556007016640e-02,-2.97021191402435479e-08,-3.56847378881345101e-01,-1.61384703099209759e+00, 1.09644925411525507e+00, 1.68929769280699816e-03, 1.67463932630438524e-02,-1.04233132122817329e+00,-2.09476002218799626e-02, 7.67577182847469897e-01,-4.22233947605632140e-02, 1.22630371649299486e+00, 2.85368970262484369e-03,-7.90094820515030705e+01
 2.42852461404116399e-01, 9.52000000000116415e+01,-9.93713200225903315e-02,-2.96909086503733918e-08,-3.57048657144523607e-01,-1.61368000888172070e+00, 1.09758948980917515e+00, 1.68585284713079027e-03, 1.67553755031202949e-02,-1.04318302784708106e+00,-2.09471131540816709e-02, 7.67616637561231108e-01,-4.22072123033778238e-02, 1.22597055096719920e+00, 2.85772884588844471e-03,-7.90062841488236103e+01
 2.42811716425078650e-01, 9.52500000000000000e+01,-9.93707832947079428e-02,-2.96797150211753508e-08,-3.57249923298683492e-01,-1.61351293443987798e+00, 1.09872953502177206e+00, 1.68241393474650438e-03, 1.67643404172884876e-02,-1.04403500972261476e+00,-2.09466259899326913e-02, 7.67656099313619111e-01,-4.21910400268610472e-02, 1.22563770261298033e+00, 2.86176990141569221e-03,-7.90030856135420265e+01
 2.42771008563829382e-01, 9.53000000000029104e+01,-9.93702454167457866e-02,-2.96685382469136188e-08,-3.57451177620470573e-01,-1.61334580739711964e+00, 1.09986939112108018e+00, 1.67898094725335242e-03, 1.67732880435593618e-02,-1.04488726781567864e+00,-2.09461387287547644e-02, 7.67695568158857311e-01,-4.21748778984017414e-02, 1.22530517067806333e+00, 2.86581287503651213e-03,-7.89998864412050779e+01
 2.42730337731117102e-01, 9.53500000000058208e+01,-9.93697063883974413e-02,-2.96573783218636230e-08,-3.57652420386590064e-01,-1.61317862748412200e+00, 1.10100905947185268e+00, 1.67555387588916348e-03, 1.67822184198634580e-02,-1.04573980308613113e+00,-2.09456513698700296e-02, 7.67735044151130364e-01,-4.21587258854093302e-02, 1.22497295441054077e+00, 2.86985777258879932e-03,-7.89966866273622799e+01
 2.42689703837678517e-01, 9.54000000000087311e+01,-9.93691662093580258e-02,-2.96462352402989971e-08,-3.57853651874041390e-01,-1.61301139443149744e+00, 1.10214854143686103e+00, 1.67213271152647446e-03, 1.67911315840609705e-02,-1.04659261649377622e+00,-2.09451639126005153e-02, 7.67774527344627811e-01,-4.21425839552951528e-02, 1.22464105305848836e+00, 2.87390459992304661e-03,-7.89934861675622528e+01
 2.42649106794250335e-01, 9.54500000000116415e+01,-9.93686248793245602e-02,-2.96351089964948076e-08,-3.58054872360058229e-01,-1.61284410796983924e+00, 1.10328783837659117e+00, 1.66871744467371290e-03, 1.68000275739397312e-02,-1.04744570899811307e+00,-2.09446763562682221e-02, 7.67814017793537529e-01,-4.21264520754768904e-02, 1.22430946587006151e+00, 2.87795336290125759e-03,-7.89902850573535744e+01
 2.42608546511581008e-01, 9.55000000000000000e+01,-9.93680823979958827e-02,-2.96239995847307994e-08,-3.58256082122050235e-01,-1.61267676782977398e+00, 1.10442695164887938e+00, 1.66530806547626926e-03, 1.68089064272121391e-02,-1.04829908155809282e+00,-2.09441887001953139e-02, 7.67853515552028076e-01,-4.21103302133834928e-02, 1.22397819209358971e+00, 2.88200406739567028e-03,-7.89870832922858028e+01
 2.42568022900383651e-01, 9.55500000000029104e+01,-9.93675387650721914e-02,-2.96129069992784590e-08,-3.58457281437836395e-01,-1.61250937374176395e+00, 1.10556588261026434e+00, 1.66190456371270831e-03, 1.68177681815260792e-02,-1.04915273513310536e+00,-2.09437009437035311e-02, 7.67893020674300208e-01,-4.20942183364363121e-02, 1.22364723097719397e+00, 2.88605671929356754e-03,-7.89838808679056683e+01
 2.42527535871406713e-01, 9.56000000000058208e+01,-9.93669939802558910e-02,-2.96018312344203899e-08,-3.58658470585293598e-01,-1.61234192543639931e+00, 1.10670463261398733e+00, 1.65850692880083086e-03, 1.68266128744492850e-02,-1.05000667068149367e+00,-2.09432130861150097e-02, 7.67932533214514601e-01,-4.20781164120772044e-02, 1.22331658176936364e+00, 2.89011132449016380e-03,-7.89806777797627007e+01
 2.42487085335386932e-01, 9.56500000000087311e+01,-9.93664480432510655e-02,-2.95907722844373895e-08,-3.58859649842590112e-01,-1.61217442264420541e+00, 1.10784320301131367e+00, 1.65511514979382510e-03, 1.68354405434797232e-02,-1.05086088916154496e+00,-2.09427251267517711e-02, 7.67972053226838258e-01,-4.20620244077498512e-02, 1.22298624371857168e+00, 2.89416788889332180e-03,-7.89774740234055059e+01
 2.42446671203060987e-01, 9.57000000000116415e+01,-9.93659009537634919e-02,-2.95797301436116841e-08,-3.59060819488127181e-01,-1.61200686509569180e+00, 1.10898159515119876e+00, 1.65172921538138113e-03, 1.68442512260430811e-02,-1.05171539153124227e+00,-2.09422370649358439e-02, 7.68011580765434299e-01,-4.20459422909044353e-02, 1.22265621607337049e+00, 2.89822641842236864e-03,-7.89742695943827044e+01
 2.42406293385177274e-01, 9.57500000000000000e+01,-9.93653527115009177e-02,-2.95687048062300896e-08,-3.59261979800479248e-01,-1.61183925252139471e+00, 1.11011981037998120e+00, 1.64834911389083504e-03, 1.68530449594906789e-02,-1.05257017874801639e+00,-2.09417488999893639e-02, 7.68051115884449964e-01,-4.20298700290021310e-02, 1.22232649808248883e+00, 2.90228691900699205e-03,-7.89710644882437975e+01
 2.42365951792449019e-01, 9.58000000000029104e+01,-9.93648033161723537e-02,-2.95576962665712093e-08,-3.59463131058628538e-01,-1.61167158465169291e+00, 1.11125785004266153e+00, 1.64497483328327940e-03, 1.68618217811090550e-02,-1.05342525176973889e+00,-2.09412606312340786e-02, 7.68090658638060697e-01,-4.20138075894967433e-02, 1.22199708899444781e+00, 2.90634939659183567e-03,-7.89678587005355581e+01
 2.42325646335624673e-01, 9.58500000000058208e+01,-9.93642527674890308e-02,-2.95467045189246846e-08,-3.59664273541612789e-01,-1.61150386121708955e+00, 1.11239571548096050e+00, 1.64160636115966044e-03, 1.68705817281054465e-02,-1.05428061155323172e+00,-2.09407722579921310e-02, 7.68130209080404414e-01,-4.19977549398623945e-02, 1.22166798805813737e+00, 2.91041385712955151e-03,-7.89646522268075017e+01
 2.42285376925440860e-01, 9.59000000000087311e+01,-9.93637010651638730e-02,-2.95357295575783239e-08,-3.59865407528759618e-01,-1.61133608194802358e+00, 1.11353340803461376e+00, 1.63824368475690651e-03, 1.68793248376176604e-02,-1.05513625905525998e+00,-2.09402837795855425e-02, 7.68169767265625025e-01,-4.19817120475750802e-02, 1.22133919452243056e+00, 2.91448030658544204e-03,-7.89614450626082345e+01
 2.42245143472634344e-01, 9.59500000000116415e+01,-9.93631482089114282e-02,-2.95247713768213152e-08,-3.60066533299626845e-01,-1.61116824657491708e+00, 1.11467092904104947e+00, 1.63488679094903749e-03, 1.68880511467117238e-02,-1.05599219523228438e+00,-2.09397951953363276e-02, 7.68209333247861226e-01,-4.19656788801171868e-02, 1.22101070763628328e+00, 2.91854875093630920e-03,-7.89582372034863624e+01
 2.42204945887953466e-01, 9.60000000000000000e+01,-9.93625941984482425e-02,-2.95138299709474226e-08,-3.60267651133944156e-01,-1.61100035482822190e+00, 1.11580827983505904e+00, 1.63153566624825571e-03, 1.68967606923794873e-02,-1.05684842104020960e+00,-2.09393065045666363e-02, 7.68248907081237054e-01,-4.19496554049822237e-02, 1.22068252664882571e+00, 2.92261919616928437e-03,-7.89550286449914154e+01
 2.42164784082111534e-01, 9.60500000000029104e+01,-9.93620390334921805e-02,-2.95029053342422209e-08,-3.60468761311846908e-01,-1.61083240643823022e+00, 1.11694546175011111e+00, 1.62819029680113581e-03, 1.69054535115487140e-02,-1.05770493743538441e+00,-2.09388177065982090e-02, 7.68288488819904747e-01,-4.19336415896561718e-02, 1.22035465080898442e+00, 2.92669164828654373e-03,-7.89518193826701378e+01
 2.42124657965856915e-01, 9.61000000000058208e+01,-9.93614827137632300e-02,-2.94919974610022039e-08,-3.60669864113523753e-01,-1.61066440113535969e+00, 1.11808247611637279e+00, 1.62485066839459353e-03, 1.69141296410680389e-02,-1.05856174537310332e+00,-2.09383288007531955e-02, 7.68328078517977686e-01,-4.19176374016453981e-02, 1.22002707936605193e+00, 2.93076611329821804e-03,-7.89486094120720736e+01
 2.42084567449926319e-01, 9.61500000000087311e+01,-9.93609252389830444e-02,-2.94811063455220290e-08,-3.60870959819451109e-01,-1.61049633864996133e+00, 1.11921932426204118e+00, 1.62151676645210180e-03, 1.69227891177174058e-02,-1.05941884580860357e+00,-2.09378397863536070e-02, 7.68367676229576912e-01,-4.19016428084580395e-02, 1.21969981156930829e+00, 2.93484259722717744e-03,-7.89453987287458006e+01
 2.42044512445056453e-01, 9.62000000000116415e+01,-9.93603666088749837e-02,-2.94702319820977400e-08,-3.61072048710334270e-01,-1.61032821871237397e+00, 1.12035600751298148e+00, 1.61818857603471017e-03, 1.69314319782050450e-02,-1.06027623969681728e+00,-2.09373506627214684e-02, 7.68407282008817250e-01,-4.18856577776087410e-02, 1.21937284666811419e+00, 2.93892110610774644e-03,-7.89421873282399531e+01
 2.42004492861995602e-01, 9.62500000000000000e+01,-9.93598068231643650e-02,-2.94593743650298373e-08,-3.61273131067047892e-01,-1.61016004105296351e+00, 1.12149252719244030e+00, 1.61486608184218772e-03, 1.69400582591658459e-02,-1.06113392799211970e+00,-2.09368614291789296e-02, 7.68446895909798866e-01,-4.18696822766229867e-02, 1.21904618391200636e+00, 2.94300164598465747e-03,-7.89389752061040326e+01
 2.41964513416245613e-01, 9.63000000000029104e+01,-9.93592456867632978e-02,-2.94485347073896413e-08,-3.61474211044665816e-01,-1.60999179765791856e+00, 1.12262892855495600e+00, 1.61155387324980596e-03, 1.69486687086701227e-02,-1.06199196701017962e+00,-2.09363720661257247e-02, 7.68486519518744249e-01,-4.18537173950691288e-02, 1.21871986176741287e+00, 2.94708433424357768e-03,-7.89357622336501805e+01
 2.41924573095637835e-01, 9.63500000000058208e+01,-9.93586832367604755e-02,-2.94377127693043264e-08,-3.61675288181043608e-01,-1.60982348974479339e+00, 1.12376520443479833e+00, 1.60825106390589880e-03, 1.69572632249130224e-02,-1.06285034706264381e+00,-2.09358825765186551e-02, 7.68526152595365830e-01,-4.18377628848343730e-02, 1.21839387194672444e+00, 2.95116915555940261e-03,-7.89325484302915754e+01
 2.41884668522624052e-01, 9.64000000000087311e+01,-9.93581196061898153e-02,-2.94269077109451163e-08,-3.61876360106899053e-01,-1.60965512234355357e+00, 1.12490132606510462e+00, 1.60495449119725086e-03, 1.69658413567746087e-02,-1.06370903121257676e+00,-2.09353929726294637e-02, 7.68565794145202541e-01,-4.18218179455063718e-02, 1.21806818685871932e+00, 2.95525603982067482e-03,-7.89293338765997987e+01
 2.41844799621585921e-01, 9.64500000000116415e+01,-9.93575547942220777e-02,-2.94161195300662949e-08,-3.62077427115137296e-01,-1.60948669516241671e+00, 1.12603729487878446e+00, 1.60166415338502260e-03, 1.69744031424098815e-02,-1.06456802056948852e+00,-2.09349032537264161e-02, 7.68605444226686307e-01,-4.18058825478011611e-02, 1.21774280586394790e+00, 2.95934499343419909e-03,-7.89261185677706294e+01
 2.41804966316922276e-01, 9.65000000000000000e+01,-9.93569888000293555e-02,-2.94053482244277182e-08,-3.62278489498835121e-01,-1.60931820790962510e+00, 1.12717311230595785e+00, 1.59838004843401845e-03, 1.69829486198948346e-02,-1.06542731624236087e+00,-2.09344134190779137e-02, 7.68645102898232402e-01,-4.17899566624465243e-02, 1.21741772832316397e+00, 2.96343602281717855e-03,-7.89229024990006565e+01
 2.41765168533002894e-01, 9.65500000000029104e+01,-9.93564216227846853e-02,-2.93945937917822806e-08,-3.62479547551475045e-01,-1.60914966029324602e+00, 1.12830877977527932e+00, 1.59510217400904517e-03, 1.69914778272364994e-02,-1.06628691934065034e+00,-2.09339234679519065e-02, 7.68684770218288738e-01,-4.17740402601635349e-02, 1.21709295359694902e+00, 2.96752913440199604e-03,-7.89196856654835273e+01
 2.41725406194237880e-01, 9.66000000000058208e+01,-9.93558532616627271e-02,-2.93838562298947250e-08,-3.62680601566593319e-01,-1.60898105202146513e+00, 1.12944429871196972e+00, 1.59183052748084462e-03, 1.69999908023583980e-02,-1.06714683097278629e+00,-2.09334333996167542e-02, 7.68724446245264925e-01,-4.17581333116943815e-02, 1.21676848104627866e+00, 2.97162433462911562e-03,-7.89164680624155181e+01
 2.41685679225031425e-01, 9.66500000000087311e+01,-9.93552837158393209e-02,-2.93731355365290366e-08,-3.62881651838013797e-01,-1.60881238280239347e+00, 1.13057967053911890e+00, 1.58856510592240876e-03, 1.70084875831102850e-02,-1.06800705224717030e+00,-2.09329432133406428e-02, 7.68764131037578680e-01,-4.17422357877837436e-02, 1.21644431003214604e+00, 2.97572162995180184e-03,-7.89132496849918397e+01
 2.41645987549793412e-01, 9.67000000000116415e+01,-9.93547129844915416e-02,-2.93624317094516556e-08,-3.63082698659788650e-01,-1.60864365234411366e+00, 1.13171489667736114e+00, 1.58530590611011160e-03, 1.70169682072658299e-02,-1.06886758427192752e+00,-2.09324529083917410e-02, 7.68803824653644274e-01,-4.17263476591834895e-02, 1.21612043991565488e+00, 2.97982102683494107e-03,-7.89100305284075603e+01
 2.41606331092950766e-01, 9.67500000000000000e+01,-9.93541410667978797e-02,-2.93517447464345084e-08,-3.63283742326139913e-01,-1.60847486035472986e+00, 1.13284997854454539e+00, 1.58205292452482695e-03, 1.70254327125203032e-02,-1.06972842815465374e+00,-2.09319624840383287e-02, 7.68843527151861550e-01,-4.17104688966572282e-02, 1.21579687005811343e+00, 2.98392253175386833e-03,-7.89068105878585300e+01
 2.41566709778901573e-01, 9.68000000000029104e+01,-9.93535679619376721e-02,-2.93410746452426189e-08,-3.63484783131692246e-01,-1.60830600654217415e+00, 1.13398491755704867e+00, 1.57880615734829399e-03, 1.70338811365003881e-02,-1.07058958500341861e+00,-2.09314719395482587e-02, 7.68883238590660323e-01,-4.16945994709619280e-02, 1.21547359982066028e+00, 2.98802615119912003e-03,-7.89035898585376572e+01
 2.41527123532084109e-01, 9.68500000000058208e+01,-9.93529936690919491e-02,-2.93304214036527044e-08,-3.63685821371122320e-01,-1.60813709061449606e+00, 1.13511971512780074e+00, 1.57556560046896743e-03, 1.70423135167495979e-02,-1.07145105592526257e+00,-2.09309812741897625e-02, 7.68922959028433883e-01,-4.16787393528755476e-02, 1.21515062856482770e+00, 2.99213189166929643e-03,-7.89003683356405077e+01
 2.41487572276930712e-01, 9.69000000000087311e+01,-9.93524181874427953e-02,-2.93197850194407741e-08,-3.63886857339391356e-01,-1.60796811227967051e+00, 1.13625437266759977e+00, 1.57233124947838603e-03, 1.70507298907381886e-02,-1.07231284202719701e+00,-2.09304904872309253e-02, 7.68962688523582516e-01,-4.16628885131785226e-02, 1.21482795565216439e+00, 2.99623975967583433e-03,-7.88971460143615673e+01
 2.41448055937879463e-01, 9.69500000000116415e+01,-9.93518415161736834e-02,-2.93091654903852093e-08,-3.64087891331687230e-01,-1.60779907124564336e+00, 1.13738889158478673e+00, 1.56910309967228092e-03, 1.70591302958608346e-02,-1.07317494441595529e+00,-2.09299995779397979e-02, 7.69002427134504063e-01,-4.16470469226584358e-02, 1.21450558044433232e+00, 3.00034976174182611e-03,-7.88939228898951654e+01
 2.41408574439385459e-01, 9.70000000000000000e+01,-9.93512636544693767e-02,-2.92985628142698378e-08,-3.64288923643364571e-01,-1.60762996722038332e+00, 1.13852327328491376e+00, 1.56588114605166954e-03, 1.70675147694343034e-02,-1.07403736419773943e+00,-2.09295085455845596e-02, 7.69042174919580601e-01,-4.16312145521146176e-02, 1.21418350230319816e+00, 3.00446190440083021e-03,-7.88906989574364133e+01
 2.41369127705875042e-01, 9.70500000000029104e+01,-9.93506846015154987e-02,-2.92879769888716049e-08,-3.64489954570178853e-01,-1.60746079991168611e+00, 1.13965751917204350e+00, 1.56266538331922182e-03, 1.70758833487069175e-02,-1.07490010247922596e+00,-2.09290173894329419e-02, 7.69081931937226071e-01,-4.16153913723397925e-02, 1.21386172059046005e+00, 3.00857619420159947e-03,-7.88874742121775085e+01
 2.41329715661814631e-01, 9.71000000000058208e+01,-9.93501043564993386e-02,-2.92774080119790732e-08,-3.64690984407934737e-01,-1.60729156902746606e+00, 1.14079163064679623e+00, 1.55945580588508974e-03, 1.70842360708445655e-02,-1.07576316036605824e+00,-2.09285261087530719e-02, 7.69121698245815444e-01,-4.15995773541474739e-02, 1.21354023466820937e+00, 3.01269263770099875e-03,-7.88842486493132782e+01
 2.41290338231664819e-01, 9.71500000000087311e+01,-9.93495229186093509e-02,-2.92668558813800473e-08,-3.64892013452719655e-01,-1.60712227427556131e+00, 1.14192560910765706e+00, 1.55625240786327499e-03, 1.70925729729402565e-02,-1.07662653896385097e+00,-2.09280347028129171e-02, 7.69161473903732684e-01,-4.15837724683538121e-02, 1.21321904389855595e+00, 3.01681124146874549e-03,-7.88810222640374690e+01
 2.41250995339891777e-01, 9.72000000000116415e+01,-9.93489402870351979e-02,-2.92563205948646844e-08,-3.65093042000844914e-01,-1.60695291536378293e+00, 1.14305945595063618e+00, 1.55305518307270653e-03, 1.71008940920117092e-02,-1.07749023937793731e+00,-2.09275431708804242e-02, 7.69201258969357871e-01,-4.15679766857819863e-02, 1.21289814764372172e+00, 3.02093201208620925e-03,-7.88777950515436999e+01
 2.41211686910978801e-01, 9.72500000000000000e+01,-9.93483564609679570e-02,-2.92458021502285383e-08,-3.65294070348786248e-01,-1.60678349199996440e+00, 1.14419317256895581e+00, 1.54986412503833578e-03, 1.71091994649992599e-02,-1.07835426271311863e+00,-2.09270515122236649e-02, 7.69241053501056316e-01,-4.15521899772669442e-02, 1.21257754526613515e+00, 3.02505495614525379e-03,-7.88745670070263571e+01
 2.41172412869380515e-01, 9.73000000000029104e+01,-9.93477714395994971e-02,-2.92353005452603038e-08,-3.65495098793418183e-01,-1.60661400389176356e+00, 1.14532676035435066e+00, 1.54667922698753816e-03, 1.71174891287753372e-02,-1.07921861007467101e+00,-2.09265597261102422e-02, 7.69280857557224529e-01,-4.15364123136369168e-02, 1.21225723612805703e+00, 3.02918008025299720e-03,-7.88713381256768855e+01
 2.41133173139591483e-01, 9.73500000000058208e+01,-9.93471852221233520e-02,-2.92248157777601668e-08,-3.65696127631661982e-01,-1.60644445074696041e+00, 1.14646022069510023e+00, 1.54350048185584576e-03, 1.71257631201302864e-02,-1.08008328256683295e+00,-2.09260678118081897e-02, 7.69320671196220385e-01,-4.15206436657410208e-02, 1.21193721959214140e+00, 3.03330739102465261e-03,-7.88681084026893870e+01
 2.41093967646100471e-01, 9.74000000000087311e+01,-9.93465978077342216e-02,-2.92143478455275886e-08,-3.65897157160719355e-01,-1.60627483227325829e+00, 1.14759355497733595e+00, 1.54032788228334683e-03, 1.71340214757818889e-02,-1.08094828129381404e+00,-2.09255757685853604e-02, 7.69360494476410528e-01,-4.15048840044309128e-02, 1.21161749502106120e+00, 3.03743689508829658e-03,-7.88648778332568980e+01
 2.41054796313401848e-01, 9.74500000000116415e+01,-9.93460091956280267e-02,-2.92038967463643103e-08,-3.66098187678013498e-01,-1.60610514817833194e+00, 1.14872676458471989e+00, 1.53716142061576726e-03, 1.71422642323732360e-02,-1.08181360735954191e+00,-2.09250835957095829e-02, 7.69400327456157607e-01,-4.14891333005652715e-02, 1.21129806177760346e+00, 3.04156859908370552e-03,-7.88616464125722985e+01
 2.41015659066007082e-01, 9.75000000000000000e+01,-9.93454193850020484e-02,-2.91934624780774231e-08,-3.66299219481130256e-01,-1.60593539816988007e+00, 1.14985985089811527e+00, 1.53400108890552563e-03, 1.71504914264704322e-02,-1.08267926186740882e+00,-2.09245912924488249e-02, 7.69440170193809281e-01,-4.14733915250144955e-02, 1.21097891922476020e+00, 3.04570250966115959e-03,-7.88584141358292499e+01
 2.40976555828399053e-01, 9.75500000000029104e+01,-9.93448283750543726e-02,-2.91830450384671924e-08,-3.66500252868051268e-01,-1.60576558195542640e+00, 1.15099281529689024e+00, 1.53084687890816151e-03, 1.71587030945720177e-02,-1.08354524592128176e+00,-2.09240988580705820e-02, 7.69480022747744519e-01,-4.14576586486422732e-02, 1.21066006672535886e+00, 3.04983863348621620e-03,-7.88551809982184722e+01
 2.40937486525100469e-01, 9.76000000000058208e+01,-9.93442361649847644e-02,-2.91726444253452690e-08,-3.66701288136803194e-01,-1.60559569924261303e+00, 1.15212565915695908e+00, 1.52769878208801617e-03, 1.71668992730950390e-02,-1.08441156062398836e+00,-2.09236062918427626e-02, 7.69519885176304430e-01,-4.14419346423331517e-02, 1.21034150364261839e+00, 3.05397697723256518e-03,-7.88519469949333285e+01
 2.40898451080628295e-01, 9.76500000000087311e+01,-9.93436427539941130e-02,-2.91622606365225556e-08,-3.66902325585690303e-01,-1.60542574973900853e+00, 1.15325838385208068e+00, 1.52455678961464845e-03, 1.71750799983844092e-02,-1.08527820707832467e+00,-2.09231135930331123e-02, 7.69559757537838007e-01,-4.14262194769741410e-02, 1.21002322933977879e+00, 3.05811754758677839e-03,-7.88487121211661162e+01
 2.40859449419505101e-01, 9.77000000000116415e+01,-9.93430481412845151e-02,-2.91518936698122084e-08,-3.67103365513236968e-01,-1.60525573315215464e+00, 1.15439099075352902e+00, 1.52142089236388081e-03, 1.71832453067105977e-02,-1.08614518638680480e+00,-2.09226207609093627e-02, 7.69599639890689691e-01,-4.14105131234593776e-02, 1.20970524318019423e+00, 3.06226035124712408e-03,-7.88454763721090046e+01
 2.40820481466270470e-01, 9.77500000000000000e+01,-9.93424523260595105e-02,-2.91415435230326743e-08,-3.67304408218126988e-01,-1.60508564918961305e+00, 1.15552348122978432e+00, 1.51829108091886380e-03, 1.71913952342677284e-02,-1.08701249965140412e+00,-2.09221277947393564e-02, 7.69639532293190265e-01,-4.13948155526945305e-02, 1.20938754452742381e+00, 3.06640539492242410e-03,-7.88422397429549164e+01
 2.40781547145435593e-01, 9.78000000000029104e+01,-9.93418553075232913e-02,-2.91312101939956072e-08,-3.67505453999438625e-01,-1.60491549755877250e+00, 1.15665585664781800e+00, 1.51516734556650834e-03, 1.71995298171826183e-02,-1.08788014797457366e+00,-2.09216346937904779e-02, 7.69679434803701157e-01,-4.13791267355786765e-02, 1.20907013274486475e+00, 3.07055268533679409e-03,-7.88390022288938468e+01
 2.40742646381551295e-01, 9.78500000000058208e+01,-9.93412570848818399e-02,-2.91208936805239372e-08,-3.67706503156292219e-01,-1.60474527796714184e+00, 1.15778811837114293e+00, 1.51204967630310739e-03, 1.72076490915011142e-02,-1.08874813245772151e+00,-2.09211414573305353e-02, 7.69719347480544935e-01,-4.13634466430316677e-02, 1.20875300719630419e+00, 3.07470222922249636e-03,-7.88357638251184341e+01
 2.40703779099162768e-01, 9.79000000000087311e+01,-9.93406576573422073e-02,-2.91105939804398368e-08,-3.67907555988084223e-01,-1.60457499012215421e+00, 1.15892026776111168e+00, 1.50893806283078054e-03, 1.72157530931973321e-02,-1.08961645420222353e+00,-2.09206480846271595e-02, 7.69759270382053384e-01,-4.13477752459758055e-02, 1.20843616724555170e+00, 3.07885403332470477e-03,-7.88325245268202508e+01
 2.40664945222820753e-01, 9.79500000000116415e+01,-9.93400570241126241e-02,-2.91003110915677050e-08,-3.68108612794428025e-01,-1.60440463373121500e+00, 1.16005230617659438e+00, 1.50583249455851212e-03, 1.72238418581715513e-02,-1.09048511430917094e+00,-2.09201545749479641e-02, 7.69799203566553847e-01,-4.13321125153404273e-02, 1.20811961225653164e+00, 3.08300810440034247e-03,-7.88292843291907133e+01
 2.40626144677092951e-01, 9.80000000000000000e+01,-9.93394551844028056e-02,-2.90900450117371458e-08,-3.68309673875095167e-01,-1.60423420850175313e+00, 1.16118423497364209e+00, 1.50273296060315117e-03, 1.72319154222478205e-02,-1.09135411387911674e+00,-2.09196609275606807e-02, 7.69839147092358456e-01,-4.13164584220664863e-02, 1.20780334159337333e+00, 3.08716444921684806e-03,-7.88260432274220477e+01
 2.40587377386518891e-01, 9.80500000000029104e+01,-9.93388521374230782e-02,-2.90797957387710231e-08,-3.68510739530248932e-01,-1.60406371414102078e+00, 1.16231605550681327e+00, 1.49963944978593515e-03, 1.72399738211836580e-02,-1.09222345401308552e+00,-2.09191671417325933e-02, 7.69879101017811096e-01,-4.13008129370882882e-02, 1.20748735462004664e+00, 3.09132307455706190e-03,-7.88228012167034819e+01
 2.40548643275677515e-01, 9.81000000000058208e+01,-9.93382478823855580e-02,-2.90695632705033776e-08,-3.68711810060092737e-01,-1.60389315035639424e+00, 1.16344776912718029e+00, 1.49655195063797789e-03, 1.72480170906557026e-02,-1.09309313581105938e+00,-2.09186732167313885e-02, 7.69919065401216574e-01,-4.12851760313608374e-02, 1.20717165070090982e+00, 3.09548398721191205e-03,-7.88195582922269580e+01
 2.40509942269142185e-01, 9.81500000000087311e+01,-9.93376424185034579e-02,-2.90593476047674561e-08,-3.68912885765103893e-01,-1.60372251685517053e+00, 1.16457937718366167e+00, 1.49347045139679169e-03, 1.72560452662695145e-02,-1.09396316037298558e+00,-2.09181791518245966e-02, 7.69959040300888908e-01,-4.12695476758416779e-02, 1.20685622920034508e+00, 3.09964719398531357e-03,-7.88163144491833094e+01
 2.40471274291491871e-01, 9.82000000000116415e+01,-9.93370357449911007e-02,-2.90491487393987155e-08,-3.69113966945974314e-01,-1.60355181334462205e+00, 1.16571088102268239e+00, 1.49039494000727940e-03, 1.72640583835571779e-02,-1.09483352879852536e+00,-2.09176849462797167e-02, 7.69999025775137014e-01,-4.12539278414952443e-02, 1.20654108948285010e+00, 3.10381270169294036e-03,-7.88130696827632278e+01
 2.40432639267322418e-01, 9.82500000000000000e+01,-9.93364278610642665e-02,-2.90389666722377412e-08,-3.69315053903552126e-01,-1.60338103953204247e+00, 1.16684228198784767e+00, 1.48732540412273230e-03, 1.72720564779750806e-02,-1.09570424218679841e+00,-2.09171905993643624e-02, 7.70039021882255814e-01,-4.12383164992976350e-02, 1.20622623091312708e+00, 3.10798051716102038e-03,-7.88098239881582003e+01
 2.40394037121201609e-01, 9.83000000000029104e+01,-9.93358187659394848e-02,-2.90288014011184385e-08,-3.69516146939074919e-01,-1.60321019512454899e+00, 1.16797358142125707e+00, 1.48426183110135436e-03, 1.72800395849133474e-02,-1.09657530163739914e+00,-2.09166961103457102e-02, 7.70079028680570654e-01,-4.12227136202182667e-02, 1.20591165285572055e+00, 3.11215064723120195e-03,-7.88065773605567301e+01
 2.40355467777736559e-01, 9.83500000000058208e+01,-9.93352084588349088e-02,-2.90186529238857602e-08,-3.69717246353818363e-01,-1.60303927982938399e+00, 1.16910478066152002e+00, 1.48120420801170537e-03, 1.72880077396817301e-02,-1.09744670824887280e+00,-2.09162014784913391e-02, 7.70119046228368687e-01,-4.12071191752472477e-02, 1.20559735467556384e+00, 3.11632309875323936e-03,-7.88033297951500344e+01
 2.40316931161528774e-01, 9.84000000000087311e+01,-9.93345969389698297e-02,-2.90085212383838586e-08,-3.69918352449329746e-01,-1.60286829335371062e+00, 1.17023588104508813e+00, 1.47815252162924690e-03, 1.72959609775194048e-02,-1.09831846311973047e+00,-2.09157067030686580e-02, 7.70159074583945280e-01,-4.11915331353771147e-02, 1.20528333573761404e+00, 3.12049787858992202e-03,-7.88000812871282079e+01
 2.40278427197185451e-01, 9.84500000000116415e+01,-9.93339842055647043e-02,-2.89984063424590466e-08,-3.70119465527369185e-01,-1.60269723540466624e+00, 1.17136688390590971e+00, 1.47510675843730353e-03, 1.73038993335924013e-02,-1.09919056734819520e+00,-2.09152117833450620e-02, 7.70199113805591917e-01,-4.11759554716073922e-02, 1.20496959540694482e+00, 3.12467499361580381e-03,-7.87968318316812173e+01
 2.40239955809330608e-01, 9.85000000000000000e+01,-9.93333702578413913e-02,-2.89883082339627524e-08,-3.70320585889850507e-01,-1.60252610568941245e+00, 1.17249779057510173e+00, 1.47206690462803975e-03, 1.73118228429914450e-02,-1.10006302203194739e+00,-2.09147167185880639e-02, 7.70239163951584427e-01,-4.11603861549492411e-02, 1.20465613304883523e+00, 3.12885445071601044e-03,-7.87935814239998393e+01
 2.40201516922560226e-01, 9.85500000000029104e+01,-9.93327550950224153e-02,-2.89782269107396906e-08,-3.70521713839075062e-01,-1.60235490391493141e+00, 1.17362860238228217e+00, 1.46903294609903841e-03, 1.73197315407415710e-02,-1.10093582826913949e+00,-2.09142215080647190e-02, 7.70279225080230834e-01,-4.11448251564070083e-02, 1.20434294802840602e+00, 3.13303625679116045e-03,-7.87903300592718239e+01
 2.40163110461509649e-01, 9.86000000000058208e+01,-9.93321387163320496e-02,-2.89681623706455642e-08,-3.70722849677380173e-01,-1.60218362978833007e+00, 1.17475932065356359e+00, 1.46600486845864216e-03, 1.73276254617878121e-02,-1.10180898715687414e+00,-2.09137261510424916e-02, 7.70319297249799861e-01,-4.11292724470058782e-02, 1.20403003971116918e+00, 3.13722041874997439e-03,-7.87870777326876635e+01
 2.40124736350808554e-01, 9.86500000000087311e+01,-9.93315211209956361e-02,-2.89581146115352524e-08,-3.70923993707372723e-01,-1.60201228301664078e+00, 1.17588994671288871e+00, 1.46298265702253538e-03, 1.73355046410049278e-02,-1.10268249979221733e+00,-2.09132306467886935e-02, 7.70359380518568337e-01,-4.11137279977732556e-02, 1.20371740746265954e+00, 3.14140694351421968e-03,-7.87838244394367422e+01
 2.40086394515092311e-01, 9.87000000000116415e+01,-9.93309023082396547e-02,-2.89480836312657619e-08,-3.71125146231870262e-01,-1.60184086330686393e+00, 1.17702048188170560e+00, 1.45996629681471066e-03, 1.73433691131952249e-02,-1.10355636727194595e+00,-2.09127349945705913e-02, 7.70399474944809648e-01,-4.10981917797436647e-02, 1.20340505064852854e+00, 3.14559583801750798e-03,-7.87805701747082736e+01
 2.40048084879013052e-01, 9.87500000000000000e+01,-9.93302822772919869e-02,-2.89380694276991319e-08,-3.71326307553842050e-01,-1.60166937036602852e+00, 1.17815092747861416e+00, 1.45695577256839143e-03, 1.73512189130859869e-02,-1.10443059069229155e+00,-2.09122391936555976e-02, 7.70439580586781081e-01,-4.10826637639630163e-02, 1.20309296863463433e+00, 3.14978710920401197e-03,-7.87773149336923098e+01
 2.40009807367195127e-01, 9.88000000000029104e+01,-9.93296610273812636e-02,-2.89280719986907575e-08,-3.71527477976642762e-01,-1.60149780390098373e+00, 1.17928128482070216e+00, 1.45395106872264019e-03, 1.73590540753390532e-02,-1.10530517114995819e+00,-2.09117432433106494e-02, 7.70479697502772454e-01,-4.10671439214708583e-02, 1.20278116078667940e+00, 3.15398076403342140e-03,-7.87740587115758899e+01
 2.39971561904301939e-01, 9.88500000000058208e+01,-9.93290385577377255e-02,-2.89180913421068869e-08,-3.71728657803661156e-01,-1.60132616361870217e+00, 1.18041155522155661e+00, 1.45095216942766237e-03, 1.73668746345369725e-02,-1.10618010974059611e+00,-2.09112471428031070e-02, 7.70519825751033949e-01,-4.10516322233269657e-02, 1.20246962647075395e+00, 3.15817680947358360e-03,-7.87708015035487676e+01
 2.39933348414991393e-01, 9.89000000000087311e+01,-9.93284148675927098e-02,-2.89081274558129439e-08,-3.71929847338553166e-01,-1.60115444922608163e+00, 1.18154173999259293e+00, 1.44795905854140173e-03, 1.73746806251924915e-02,-1.10705540755981868e+00,-2.09107508914001677e-02, 7.70559965389824297e-01,-4.10361286405937567e-02, 1.20215836505297435e+00, 3.16237525250543392e-03,-7.87675433047995739e+01
 2.39895166823927058e-01, 9.89500000000116415e+01,-9.93277899561787608e-02,-2.88981803376764437e-08,-3.72131046885183725e-01,-1.60098266042999127e+00, 1.18267184044269857e+00, 1.44497171963044505e-03, 1.73824720817458908e-02,-1.10793106570294775e+00,-2.09102544883689907e-02, 7.70600116477397235e-01,-4.10206331443405819e-02, 1.20184737589957336e+00, 3.16657610012171034e-03,-7.87642841105168401e+01
 2.39857017055789212e-01, 9.90000000000000000e+01,-9.93271638227297554e-02,-2.88882499855698580e-08,-3.72332256747567092e-01,-1.60081079693732486e+00, 1.18380185787793768e+00, 1.44199013597100614e-03, 1.73902490385634198e-02,-1.10880708526475735e+00,-2.09097579329768704e-02, 7.70640279071992951e-01,-4.10051457056481924e-02, 1.20153665837699086e+00, 3.17077935932583155e-03,-7.87610239158898509e+01
 2.39818899035230459e-01, 9.90500000000029104e+01,-9.93265364664802364e-02,-2.88783363973590872e-08,-3.72533477230101384e-01,-1.60063885845479925e+00, 1.18493179360283318e+00, 1.43901429054548000e-03, 1.73980115299458733e-02,-1.10968346734049561e+00,-2.09092612244906467e-02, 7.70680453231881724e-01,-4.09896662955907751e-02, 1.20122621185151179e+00, 3.17498503713670600e-03,-7.87577627161049350e+01
 2.39780812686942402e-01, 9.91000000000058208e+01,-9.93259078866665368e-02,-2.88684395709207389e-08,-3.72734708637216416e-01,-1.60046684468925338e+00, 1.18606164891841170e+00, 1.43604416604773679e-03, 1.74057595901154528e-02,-1.11056021302435126e+00,-2.09087643621775551e-02, 7.70720639015295306e-01,-4.09741948852630974e-02, 1.20091603568980965e+00, 3.17919314058145563e-03,-7.87545005063511070e+01
 2.39742757935611089e-01, 9.91500000000087311e+01,-9.93252780825259335e-02,-2.88585595041305966e-08,-3.72935951273607125e-01,-1.60029475534745114e+00, 1.18719142512351050e+00, 1.43307974487970335e-03, 1.74134932532247454e-02,-1.11143732341047685e+00,-2.09082673453046784e-02, 7.70760836480473221e-01,-4.09587314457622170e-02, 1.20060612925858323e+00, 3.18340367670029737e-03,-7.87512372818162874e+01
 2.39704734705928263e-01, 9.92000000000116415e+01,-9.93246470532969383e-02,-2.88486961948665054e-08,-3.73137205444175724e-01,-1.60012259013612934e+00, 1.18832112351444819e+00, 1.43012100915229016e-03, 1.74212125533546106e-02,-1.11231479959272983e+00,-2.09077701731390821e-02, 7.70801045685651665e-01,-4.09432759481921996e-02, 1.20029649192464993e+00, 3.18761665254532365e-03,-7.87479730376882543e+01
 2.39666742922602399e-01, 9.92500000000000000e+01,-9.93240147982193677e-02,-2.88388496410112006e-08,-3.73338471453971699e-01,-1.59995034876204856e+00, 1.18945074538469631e+00, 1.42716794068631120e-03, 1.74289175245120366e-02,-1.11319264266441986e+00,-2.09072728449479425e-02, 7.70841266689051396e-01,-4.09278283636685739e-02, 1.19998712305503341e+00, 3.19183207517929066e-03,-7.87447077691555819e+01
 2.39628782510314359e-01, 9.93000000000029104e+01,-9.93233813165337875e-02,-2.88290198404408793e-08,-3.73539749608426341e-01,-1.59977803093179149e+00, 1.19058029202618809e+00, 1.42422052100909385e-03, 1.74366082006390810e-02,-1.11407085371932779e+00,-2.09067753599979714e-02, 7.70881499548923710e-01,-4.09123886633002767e-02, 1.19967802201660434e+00, 3.19604995168051810e-03,-7.87414414714038600e+01
 2.39590853393783859e-01, 9.93500000000058208e+01,-9.93227466074824150e-02,-2.88192067910423400e-08,-3.73741040213000475e-01,-1.59960563635206610e+00, 1.19170976472734869e+00, 1.42127873135969546e-03, 1.74442846155996242e-02,-1.11494943385017509e+00,-2.09062777175563243e-02, 7.70921744323481595e-01,-4.08969568182166246e-02, 1.19936918817662108e+00, 3.20027028913554478e-03,-7.87381741396213783e+01
 2.39552955497725206e-01, 9.94000000000087311e+01,-9.93221106703085083e-02,-2.88094104907015538e-08,-3.73942343573418656e-01,-1.59943316472950103e+00, 1.19283916477441210e+00, 1.41834255268551948e-03, 1.74519468031884492e-02,-1.11582838414964192e+00,-2.09057799168899487e-02, 7.70962001070946035e-01,-4.08815327995494457e-02, 1.19906062090236887e+00, 3.20449309464405788e-03,-7.87349057689953185e+01
 2.39515088746858312e-01, 9.94500000000116415e+01,-9.93214735042564911e-02,-2.87996309373065037e-08,-3.74143659995610167e-01,-1.59926061577070255e+00, 1.19396849345107547e+00, 1.41541196564320092e-03, 1.74595947971288093e-02,-1.11670770571011602e+00,-2.09052819572658095e-02, 7.71002269849534239e-01,-4.08661165784374239e-02, 1.19875231956125150e+00, 3.20871837531761916e-03,-7.87316363547127480e+01
 2.39477253065919743e-01, 9.95000000000000000e+01,-9.93208351085721475e-02,-2.87898681287500032e-08,-3.74344989785650006e-01,-1.59908798918229644e+00, 1.19509775203819268e+00, 1.41248695059953736e-03, 1.74672286310707699e-02,-1.11758739962343046e+00,-2.09047838379509618e-02, 7.71042550717447206e-01,-4.08507081260307131e-02, 1.19844428352087840e+00, 3.21294613827851966e-03,-7.87283658919615021e+01
 2.39439448379618697e-01, 9.95500000000029104e+01,-9.93201954825019273e-02,-2.87801220629183678e-08,-3.74546333249992758e-01,-1.59891528467073285e+00, 1.19622694181507061e+00, 1.40956748762810480e-03, 1.74748483385997640e-02,-1.11846746698189325e+00,-2.09042855582120234e-02, 7.71082843732918133e-01,-4.08353074134728197e-02, 1.19813651214870931e+00, 3.21717639066464991e-03,-7.87250943759264317e+01
 2.39401674612703036e-01, 9.96000000000058208e+01,-9.93195546252939737e-02,-2.87703927377084113e-08,-3.74747690695120816e-01,-1.59874250194258805e+00, 1.19735606405749162e+00, 1.40665355651440282e-03, 1.74824539532234015e-02,-1.11934790887674662e+00,-2.09037871173160215e-02, 7.71123148954140580e-01,-4.08199144119277546e-02, 1.19782900481258947e+00, 3.22140913962212089e-03,-7.87218218017951159e+01
 2.39363931689915238e-01, 9.96500000000087311e+01,-9.93189125361974429e-02,-2.87606801510160938e-08,-3.74949062427778312e-01,-1.59856964070435859e+00, 1.19848512003904872e+00, 1.40374513675251803e-03, 1.74900455083807603e-02,-1.12022872639919324e+00,-2.09032885145298136e-02, 7.71163466439316658e-01,-4.08045290925617837e-02, 1.19752176088039319e+00, 3.22564439231025389e-03,-7.87185481647539973e+01
 2.39326219536003387e-01, 9.97000000000116415e+01,-9.93182692144626844e-02,-2.87509843007393676e-08,-3.75150448754912380e-01,-1.59839670066251660e+00, 1.19961411103078608e+00, 1.40084220754597239e-03, 1.74976230374397426e-02,-1.12110992064013804e+00,-2.09027897491202291e-02, 7.71203796246643591e-01,-4.07891514265482577e-02, 1.19721477972011248e+00, 3.22988215590026611e-03,-7.87152734599894188e+01
 2.39288538075732249e-01, 9.97500000000000000e+01,-9.93176246593413803e-02,-2.87413051847809558e-08,-3.75351849983613539e-01,-1.59822368152355665e+00, 1.20074303830089901e+00, 1.39794474780864176e-03, 1.75051865736954824e-02,-1.12199149268993259e+00,-2.09022908203542294e-02, 7.71244138434304394e-01,-4.07737813850717820e-02, 1.19690806069994626e+00, 3.23412243757413695e-03,-7.87119976826884908e+01
 2.39250891872401561e-01, 9.98000000000029104e+01,-9.93169785962439017e-02,-2.87316460423443898e-08,-3.75553281241701453e-01,-1.59805056546984225e+00, 1.20187200095673585e+00, 1.39505746257212958e-03, 1.75127377625436918e-02,-1.12287358671350690e+00,-2.09017916842327393e-02, 7.71284496558755084e-01,-4.07584197647980553e-02, 1.19660164094257926e+00, 3.23836555065979120e-03,-7.87087205439699602e+01
 2.39213282326614318e-01, 9.98500000000058208e+01,-9.93163309372310649e-02,-2.87220079023563480e-08,-3.75754747557797031e-01,-1.59787734663150371e+00, 1.20300103126584457e+00, 1.39218184932809802e-03, 1.75202771460708229e-02,-1.12375624929715889e+00,-2.09012923262571863e-02, 7.71324871790942224e-01,-4.07430667994861315e-02, 1.19629553182362036e+00, 3.24261159994211753e-03,-7.87054419486416776e+01
 2.39175703813566121e-01, 9.99000000000087311e+01,-9.93156820091506271e-02,-2.87123868847075532e-08,-3.75956231511326955e-01,-1.59770404568013280e+00, 1.20413001337391923e+00, 1.38931223870349769e-03, 1.75278028266917310e-02,-1.12463931034547193e+00,-2.09007927974571538e-02, 7.71365260003644804e-01,-4.07277214726839698e-02, 1.19598968753953350e+00, 3.24686022647115245e-03,-7.87021622317445519e+01
 2.39138156271068270e-01, 9.99500000000116415e+01,-9.93150318104818741e-02,-2.87027829963857031e-08,-3.76157733452492538e-01,-1.59753066227273188e+00, 1.20525894880012552e+00, 1.38644862348800231e-03, 1.75353148415051882e-02,-1.12552277134714829e+00,-2.09002930969777873e-02, 7.71405661264844666e-01,-4.07123837579095177e-02, 1.19568410756443155e+00, 3.25111143835822743e-03,-7.86988813876659350e+01
